ITERATION 0:
Center 0: [-0.1096, -0.5863, -0.0975, 0.2423, -0.2843, -0.7557, 0.7593, -0.0904, -0.4698, -0.1957, 7.9437, -0.2943, 0.0000, -0.2161, 1.5583, -0.3256, -0.0458, 1.0178, 0.0000, -0.2716, -0.1429, 0.0000, 0.1382, 0.2685, -0.1244, -0.1982, -0.0405, 0.3873]
Center 1: [-0.0732, 0.2923, 0.2126, 0.0211, -0.1576, -0.0281, -0.1671, -0.0904, -0.2498, -0.1957, -0.1259, -0.1712, 0.0000, -0.0546, 0.1443, -0.1340, 0.1161, 0.0865, 0.0000, 0.0579, -0.0238, 0.0000, 0.5922, 0.6464, 0.4964, -0.1186, 11.9082, 0.0646]
Center 2: [0.0152, -0.1272, -0.2697, 0.0354, 0.0289, 0.1057, -0.0008, 0.0299, 0.2123, -0.0503, -0.1259, -0.2904, 0.0000, 0.0348, -0.0576, 0.0829, -0.2621, -0.1123, 0.0000, 0.0357, 0.0264, 0.0000, 0.0439, 0.0042, -0.0425, -0.0529, -0.0746, 0.0658]
Center 3: [0.0396, -0.3333, -0.3301, -0.1826, -0.2640, -0.2967, 0.0281, -0.0904, -0.6709, -0.1957, -0.1259, 2.6343, 0.0000, -0.0551, 0.3263, -0.3132, 0.0378, 0.6236, 0.0000, -0.2674, -0.1429, 0.0000, 0.0149, 0.0102, 0.1565, 0.1328, -0.0598, -0.0503]
Center 4: [-0.0970, 1.0016, 1.7462, -0.1004, 0.0623, -0.2973, -0.0964, -0.0904, -0.6584, 0.4505, -0.1259, -0.1646, 0.0000, -0.1292, -0.0926, -0.2031, 1.4457, 0.0732, 0.0000, 0.0150, -0.0307, 0.0000, -0.2996, -0.0908, 0.1217, 0.2331, -0.0687, -0.3827]
---
ITERATION 1:
Center 0: [-0.1096, -0.5863, -0.0956, 0.2453, -0.2843, -0.7557, 0.7660, -0.0904, -0.4681, -0.1957, 7.9437, -0.2943, 0.0000, -0.2161, 1.5697, -0.3250, -0.0610, 1.0108, 0.0000, -0.2716, -0.1429, 0.0000, 0.1372, 0.2672, -0.1289, -0.1897, -0.0985, 0.3874]
Center 1: [-0.0123, 0.2323, 0.1699, -0.0131, -0.1757, -0.0429, -0.1848, -0.0904, -0.2897, -0.1957, -0.0106, -0.0305, 0.0000, -0.0776, 0.0950, -0.1742, 0.1553, 0.1173, 0.0000, 0.0108, -0.0408, 0.0000, 0.4119, 0.6971, 0.4744, -0.1710, 11.2958, -0.0180]
Center 2: [0.0069, -0.2307, -0.3475, 0.0489, 0.0053, 0.1541, 0.0146, 0.0342, 0.2257, -0.1029, -0.1259, -0.2943, 0.0000, 0.0476, -0.0268, 0.0947, -0.3317, -0.0903, 0.0000, 0.0231, 0.0314, 0.0000, 0.0068, 0.0143, -0.0476, -0.0328, -0.0781, 0.0553]
Center 3: [0.2127, -0.2072, -0.2760, -0.2186, -0.2605, -0.3389, -0.1886, -0.0904, -0.6647, -0.1957, -0.1259, 3.2824, 0.0000, -0.0279, 0.1430, -0.3594, 0.1381, 0.2650, 0.0000, -0.2716, -0.1429, 0.0000, -0.0318, -0.0554, 0.1701, 0.0907, -0.0894, -0.2639]
Center 4: [-0.1174, 1.1127, 1.5958, -0.1266, 0.1312, -0.4233, -0.0357, -0.0904, -0.5897, 0.5506, -0.1259, -0.2535, 0.0000, -0.1654, -0.0986, -0.1963, 1.3348, 0.1622, 0.0000, 0.0525, -0.0515, 0.0000, -0.0429, -0.0872, 0.1143, 0.1202, -0.0800, -0.1449]
---
ITERATION 2:
Center 0: [-0.1096, -0.5863, -0.0956, 0.2453, -0.2843, -0.7557, 0.7660, -0.0904, -0.4681, -0.1957, 7.9437, -0.2943, 0.0000, -0.2161, 1.5697, -0.3250, -0.0610, 1.0108, 0.0000, -0.2716, -0.1429, 0.0000, 0.1372, 0.2672, -0.1289, -0.1897, -0.0985, 0.3874]
Center 1: [-0.0123, 0.2323, 0.1699, -0.0131, -0.1757, -0.0429, -0.1848, -0.0904, -0.2897, -0.1957, -0.0106, -0.0305, 0.0000, -0.0776, 0.0950, -0.1742, 0.1553, 0.1173, 0.0000, 0.0108, -0.0408, 0.0000, 0.4119, 0.6971, 0.4744, -0.1710, 11.2958, -0.0180]
Center 2: [0.0066, -0.2347, -0.3467, 0.0490, 0.0028, 0.1606, 0.0152, 0.0342, 0.2241, -0.1080, -0.1259, -0.2943, 0.0000, 0.0497, -0.0111, 0.0963, -0.3355, -0.0895, 0.0000, 0.0204, 0.0304, 0.0000, -0.0016, 0.0144, -0.0477, -0.0280, -0.0781, 0.0498]
Center 3: [0.2318, -0.1979, -0.2725, -0.2186, -0.2597, -0.3254, -0.1901, -0.0904, -0.6623, -0.1957, -0.1259, 3.3981, 0.0000, -0.0218, -0.0133, -0.3576, 0.1423, 0.2053, 0.0000, -0.2716, -0.1429, 0.0000, -0.0194, -0.0772, 0.1660, 0.0727, -0.0891, -0.2685]
Center 4: [-0.1198, 1.1058, 1.5629, -0.1280, 0.1359, -0.4545, -0.0395, -0.0904, -0.5847, 0.5608, -0.1259, -0.2541, 0.0000, -0.1744, -0.0912, -0.2060, 1.3305, 0.1868, 0.0000, 0.0590, -0.0488, 0.0000, -0.0133, -0.0774, 0.1172, 0.1078, -0.0802, -0.1218]
---
ITERATION 3:
Center 0: [-0.1096, -0.5863, -0.0956, 0.2453, -0.2843, -0.7557, 0.7660, -0.0904, -0.4681, -0.1957, 7.9437, -0.2943, 0.0000, -0.2161, 1.5697, -0.3250, -0.0610, 1.0108, 0.0000, -0.2716, -0.1429, 0.0000, 0.1372, 0.2672, -0.1289, -0.1897, -0.0985, 0.3874]
Center 1: [-0.0123, 0.2323, 0.1699, -0.0131, -0.1757, -0.0429, -0.1848, -0.0904, -0.2897, -0.1957, -0.0106, -0.0305, 0.0000, -0.0776, 0.0950, -0.1742, 0.1553, 0.1173, 0.0000, 0.0108, -0.0408, 0.0000, 0.4119, 0.6971, 0.4744, -0.1710, 11.2958, -0.0180]
Center 2: [0.0071, -0.2362, -0.3458, 0.0493, 0.0036, 0.1626, 0.0156, 0.0343, 0.2253, -0.1079, -0.1259, -0.2943, 0.0000, 0.0500, -0.0108, 0.0969, -0.3373, -0.0916, 0.0000, 0.0203, 0.0306, 0.0000, -0.0023, 0.0145, -0.0485, -0.0288, -0.0780, 0.0491]
Center 3: [0.2285, -0.1905, -0.2614, -0.2186, -0.2598, -0.3190, -0.1905, -0.0904, -0.6626, -0.1957, -0.1259, 3.3981, 0.0000, -0.0225, -0.0141, -0.3578, 0.1507, 0.2027, 0.0000, -0.2716, -0.1429, 0.0000, -0.0197, -0.0800, 0.1646, 0.0710, -0.0891, -0.2706]
Center 4: [-0.1202, 1.1039, 1.5477, -0.1283, 0.1322, -0.4626, -0.0404, -0.0904, -0.5853, 0.5582, -0.1259, -0.2606, 0.0000, -0.1746, -0.0916, -0.2067, 1.3276, 0.1948, 0.0000, 0.0601, -0.0491, 0.0000, -0.0105, -0.0761, 0.1201, 0.1113, -0.0803, -0.1166]
---
ITERATION 4:
Center 0: [-0.1096, -0.5863, -0.0956, 0.2453, -0.2843, -0.7557, 0.7660, -0.0904, -0.4681, -0.1957, 7.9437, -0.2943, 0.0000, -0.2161, 1.5697, -0.3250, -0.0610, 1.0108, 0.0000, -0.2716, -0.1429, 0.0000, 0.1372, 0.2672, -0.1289, -0.1897, -0.0985, 0.3874]
Center 1: [-0.0123, 0.2323, 0.1699, -0.0131, -0.1757, -0.0429, -0.1848, -0.0904, -0.2897, -0.1957, -0.0106, -0.0305, 0.0000, -0.0776, 0.0950, -0.1742, 0.1553, 0.1173, 0.0000, 0.0108, -0.0408, 0.0000, 0.4119, 0.6971, 0.4744, -0.1710, 11.2958, -0.0180]
Center 2: [0.0081, -0.2386, -0.3449, 0.0496, 0.0040, 0.1642, 0.0159, 0.0345, 0.2263, -0.1078, -0.1259, -0.2943, 0.0000, 0.0503, -0.0114, 0.0975, -0.3376, -0.0947, 0.0000, 0.0206, 0.0308, 0.0000, -0.0022, 0.0151, -0.0492, -0.0295, -0.0780, 0.0499]
Center 3: [0.2243, -0.1808, -0.2467, -0.2186, -0.2600, -0.3106, -0.1910, -0.0904, -0.6630, -0.1957, -0.1259, 3.3981, 0.0000, -0.0235, -0.0150, -0.3581, 0.1618, 0.1992, 0.0000, -0.2716, -0.1429, 0.0000, -0.0218, -0.0791, 0.1667, 0.0740, -0.0892, -0.2673]
Center 4: [-0.1230, 1.1066, 1.5331, -0.1285, 0.1313, -0.4704, -0.0410, -0.0904, -0.5856, 0.5564, -0.1259, -0.2690, 0.0000, -0.1747, -0.0889, -0.2072, 1.3189, 0.2080, 0.0000, 0.0594, -0.0493, 0.0000, -0.0099, -0.0783, 0.1211, 0.1121, -0.0803, -0.1205]
---
ITERATION 5:
Center 0: [-0.1096, -0.5863, -0.0956, 0.2453, -0.2843, -0.7557, 0.7660, -0.0904, -0.4681, -0.1957, 7.9437, -0.2943, 0.0000, -0.2161, 1.5697, -0.3250, -0.0610, 1.0108, 0.0000, -0.2716, -0.1429, 0.0000, 0.1372, 0.2672, -0.1289, -0.1897, -0.0985, 0.3874]
Center 1: [-0.0123, 0.2323, 0.1699, -0.0131, -0.1757, -0.0429, -0.1848, -0.0904, -0.2897, -0.1957, -0.0106, -0.0305, 0.0000, -0.0776, 0.0950, -0.1742, 0.1553, 0.1173, 0.0000, 0.0108, -0.0408, 0.0000, 0.4119, 0.6971, 0.4744, -0.1710, 11.2958, -0.0180]
Center 2: [0.0105, -0.2460, -0.3439, 0.0505, 0.0055, 0.1679, 0.0165, 0.0349, 0.2297, -0.1075, -0.1259, -0.2943, 0.0000, 0.0519, -0.0107, 0.0993, -0.3372, -0.1031, 0.0000, 0.0216, 0.0314, 0.0000, -0.0028, 0.0167, -0.0516, -0.0323, -0.0780, 0.0511]
Center 3: [0.2190, -0.1688, -0.2286, -0.2186, -0.2601, -0.3002, -0.1916, -0.0904, -0.6635, -0.1957, -0.1259, 3.3981, 0.0000, -0.0248, -0.0162, -0.3585, 0.1755, 0.1949, 0.0000, -0.2716, -0.1429, 0.0000, -0.0163, -0.0827, 0.1634, 0.0743, -0.0892, -0.2598]
Center 4: [-0.1294, 1.1159, 1.4998, -0.1295, 0.1245, -0.4818, -0.0417, -0.0904, -0.5873, 0.5480, -0.1259, -0.2797, 0.0000, -0.1779, -0.0901, -0.2095, 1.2914, 0.2396, 0.0000, 0.0556, -0.0504, 0.0000, -0.0094, -0.0822, 0.1301, 0.1216, -0.0805, -0.1260]
---
ITERATION 6:
Center 0: [-0.1096, -0.5863, -0.0956, 0.2453, -0.2843, -0.7557, 0.7660, -0.0904, -0.4681, -0.1957, 7.9437, -0.2943, 0.0000, -0.2161, 1.5697, -0.3250, -0.0610, 1.0108, 0.0000, -0.2716, -0.1429, 0.0000, 0.1372, 0.2672, -0.1289, -0.1897, -0.0985, 0.3874]
Center 1: [-0.0123, 0.2323, 0.1699, -0.0131, -0.1757, -0.0429, -0.1848, -0.0904, -0.2897, -0.1957, -0.0106, -0.0305, 0.0000, -0.0776, 0.0950, -0.1742, 0.1553, 0.1173, 0.0000, 0.0108, -0.0408, 0.0000, 0.4119, 0.6971, 0.4744, -0.1710, 11.2958, -0.0180]
Center 2: [0.0155, -0.2661, -0.3419, 0.0545, 0.0093, 0.1771, 0.0158, 0.0361, 0.2393, -0.1066, -0.1259, -0.2943, 0.0000, 0.0558, -0.0089, 0.1042, -0.3363, -0.1255, 0.0000, 0.0244, 0.0331, 0.0000, -0.0007, 0.0190, -0.0561, -0.0358, -0.0778, 0.0547]
Center 3: [0.2190, -0.1688, -0.2286, -0.2186, -0.2601, -0.3002, -0.1916, -0.0904, -0.6635, -0.1957, -0.1259, 3.3981, 0.0000, -0.0248, -0.0162, -0.3585, 0.1755, 0.1949, 0.0000, -0.2716, -0.1429, 0.0000, -0.0163, -0.0827, 0.1634, 0.0743, -0.0892, -0.2598]
Center 4: [-0.1435, 1.1429, 1.4228, -0.1380, 0.1051, -0.4932, -0.0369, -0.0904, -0.5941, 0.5202, -0.1259, -0.2803, 0.0000, -0.1846, -0.0943, -0.2173, 1.2270, 0.3139, 0.0000, 0.0434, -0.0538, 0.0000, -0.0174, -0.0873, 0.1404, 0.1296, -0.0812, -0.1332]
---
ITERATION 7:
Center 0: [-0.1096, -0.5863, -0.0956, 0.2453, -0.2843, -0.7557, 0.7660, -0.0904, -0.4681, -0.1957, 7.9437, -0.2943, 0.0000, -0.2161, 1.5697, -0.3250, -0.0610, 1.0108, 0.0000, -0.2716, -0.1429, 0.0000, 0.1372, 0.2672, -0.1289, -0.1897, -0.0985, 0.3874]
Center 1: [-0.0123, 0.2323, 0.1699, -0.0131, -0.1757, -0.0429, -0.1848, -0.0904, -0.2897, -0.1957, -0.0106, -0.0305, 0.0000, -0.0776, 0.0950, -0.1742, 0.1553, 0.1173, 0.0000, 0.0108, -0.0408, 0.0000, 0.4119, 0.6971, 0.4744, -0.1710, 11.2958, -0.0180]
Center 2: [0.0153, -0.3116, -0.3392, 0.0615, 0.0172, 0.1997, 0.0133, 0.0390, 0.2605, -0.1046, -0.1259, -0.2943, 0.0000, 0.0628, -0.0096, 0.1098, -0.3360, -0.1767, 0.0000, 0.0307, 0.0372, 0.0000, -0.0012, 0.0230, -0.0617, -0.0358, -0.0773, 0.0562]
Center 3: [0.2190, -0.1688, -0.2286, -0.2186, -0.2601, -0.3002, -0.1916, -0.0904, -0.6635, -0.1957, -0.1259, 3.3981, 0.0000, -0.0248, -0.0162, -0.3585, 0.1755, 0.1949, 0.0000, -0.2716, -0.1429, 0.0000, -0.0163, -0.0827, 0.1634, 0.0743, -0.0892, -0.2598]
Center 4: [-0.1301, 1.1872, 1.2710, -0.1469, 0.0698, -0.5175, -0.0240, -0.0904, -0.6005, 0.4624, -0.1259, -0.2814, 0.0000, -0.1895, -0.0848, -0.2108, 1.0998, 0.4564, 0.0000, 0.0199, -0.0610, 0.0000, -0.0144, -0.0925, 0.1442, 0.1161, -0.0826, -0.1232]
---
ITERATION 8:
Center 0: [-0.1096, -0.5863, -0.0956, 0.2453, -0.2843, -0.7557, 0.7660, -0.0904, -0.4681, -0.1957, 7.9437, -0.2943, 0.0000, -0.2161, 1.5697, -0.3250, -0.0610, 1.0108, 0.0000, -0.2716, -0.1429, 0.0000, 0.1372, 0.2672, -0.1289, -0.1897, -0.0985, 0.3874]
Center 1: [-0.0123, 0.2323, 0.1699, -0.0131, -0.1757, -0.0429, -0.1848, -0.0904, -0.2897, -0.1957, -0.0106, -0.0305, 0.0000, -0.0776, 0.0950, -0.1742, 0.1553, 0.1173, 0.0000, 0.0108, -0.0408, 0.0000, 0.4119, 0.6971, 0.4744, -0.1710, 11.2958, -0.0180]
Center 2: [0.0172, -0.3480, -0.3323, 0.0704, 0.0284, 0.2164, 0.0130, 0.0412, 0.2749, -0.1030, -0.1259, -0.2943, 0.0000, 0.0704, -0.0147, 0.1023, -0.3372, -0.2010, 0.0000, 0.0324, 0.0413, 0.0000, -0.0037, 0.0294, -0.0610, -0.0359, -0.0785, 0.0628]
Center 3: [0.2068, -0.1522, -0.2036, -0.1762, -0.2603, -0.3042, -0.1925, -0.0904, -0.6642, -0.1957, -0.1259, 3.3981, 0.0000, -0.0264, -0.0178, -0.3590, 0.1944, 0.1890, 0.0000, -0.2716, -0.1429, 0.0000, -0.0209, -0.0804, 0.1641, 0.0761, -0.0893, -0.2609]
Center 4: [-0.1247, 1.2215, 1.1561, -0.1801, 0.0318, -0.5317, -0.0202, -0.0904, -0.5997, 0.4285, -0.1259, -0.2943, 0.0000, -0.2000, -0.0639, -0.1681, 1.0209, 0.5038, 0.0000, 0.0161, -0.0686, 0.0000, -0.0039, -0.1080, 0.1302, 0.1077, -0.0783, -0.1340]
---
ITERATION 9:
Center 0: [-0.1096, -0.5863, -0.0956, 0.2453, -0.2843, -0.7557, 0.7660, -0.0904, -0.4681, -0.1957, 7.9437, -0.2943, 0.0000, -0.2161, 1.5697, -0.3250, -0.0610, 1.0108, 0.0000, -0.2716, -0.1429, 0.0000, 0.1372, 0.2672, -0.1289, -0.1897, -0.0985, 0.3874]
Center 1: [-0.0123, 0.2323, 0.1699, -0.0131, -0.1757, -0.0429, -0.1848, -0.0904, -0.2897, -0.1957, -0.0106, -0.0305, 0.0000, -0.0776, 0.0950, -0.1742, 0.1553, 0.1173, 0.0000, 0.0108, -0.0408, 0.0000, 0.4119, 0.6971, 0.4744, -0.1710, 11.2958, -0.0180]
Center 2: [0.0082, -0.3830, -0.3266, 0.0760, 0.0354, 0.2341, 0.0027, 0.0435, 0.2830, -0.1030, -0.1259, -0.2943, 0.0000, 0.0759, -0.0184, 0.1065, -0.3397, -0.2079, 0.0000, 0.0246, 0.0465, 0.0000, -0.0063, 0.0315, -0.0683, -0.0370, -0.0782, 0.0643]
Center 3: [0.2068, -0.1522, -0.2036, -0.1762, -0.2603, -0.3042, -0.1925, -0.0904, -0.6642, -0.1957, -0.1259, 3.3981, 0.0000, -0.0264, -0.0178, -0.3590, 0.1944, 0.1890, 0.0000, -0.2716, -0.1429, 0.0000, -0.0209, -0.0804, 0.1641, 0.0761, -0.0893, -0.2609]
Center 4: [-0.0902, 1.2473, 1.0626, -0.1842, 0.0106, -0.5469, 0.0127, -0.0904, -0.5796, 0.4013, -0.1259, -0.2943, 0.0000, -0.2030, -0.0500, -0.1668, 0.9589, 0.4886, 0.0000, 0.0404, -0.0788, 0.0000, 0.0042, -0.1072, 0.1425, 0.1035, -0.0793, -0.1283]
---
ITERATION 10:
Center 0: [-0.1096, -0.5863, -0.0956, 0.2453, -0.2843, -0.7557, 0.7660, -0.0904, -0.4681, -0.1957, 7.9437, -0.2943, 0.0000, -0.2161, 1.5697, -0.3250, -0.0610, 1.0108, 0.0000, -0.2716, -0.1429, 0.0000, 0.1372, 0.2672, -0.1289, -0.1897, -0.0985, 0.3874]
Center 1: [-0.0123, 0.2323, 0.1699, -0.0131, -0.1757, -0.0429, -0.1848, -0.0904, -0.2897, -0.1957, -0.0106, -0.0305, 0.0000, -0.0776, 0.0950, -0.1742, 0.1553, 0.1173, 0.0000, 0.0108, -0.0408, 0.0000, 0.4119, 0.6971, 0.4744, -0.1710, 11.2958, -0.0180]
Center 2: [0.0027, -0.4028, -0.3225, 0.0785, 0.0392, 0.2436, -0.0043, 0.0446, 0.2897, -0.1031, -0.1259, -0.2943, 0.0000, 0.0791, -0.0169, 0.1016, -0.3393, -0.2080, 0.0000, 0.0171, 0.0502, 0.0000, -0.0087, 0.0291, -0.0681, -0.0349, -0.0780, 0.0627]
Center 3: [0.2068, -0.1522, -0.2036, -0.1762, -0.2603, -0.3042, -0.1925, -0.0904, -0.6642, -0.1957, -0.1259, 3.3981, 0.0000, -0.0264, -0.0178, -0.3590, 0.1944, 0.1890, 0.0000, -0.2716, -0.1429, 0.0000, -0.0209, -0.0804, 0.1641, 0.0761, -0.0893, -0.2609]
Center 4: [-0.0717, 1.2655, 1.0167, -0.1850, 0.0000, -0.5556, 0.0330, -0.0904, -0.5779, 0.3890, -0.1259, -0.2943, 0.0000, -0.2055, -0.0537, -0.1458, 0.9260, 0.4718, 0.0000, 0.0622, -0.0866, 0.0000, 0.0107, -0.0967, 0.1368, 0.0941, -0.0798, -0.1191]
---
ITERATION 11:
Center 0: [-0.1096, -0.5863, -0.0956, 0.2453, -0.2843, -0.7557, 0.7660, -0.0904, -0.4681, -0.1957, 7.9437, -0.2943, 0.0000, -0.2161, 1.5697, -0.3250, -0.0610, 1.0108, 0.0000, -0.2716, -0.1429, 0.0000, 0.1372, 0.2672, -0.1289, -0.1897, -0.0985, 0.3874]
Center 1: [-0.0123, 0.2323, 0.1699, -0.0131, -0.1757, -0.0429, -0.1848, -0.0904, -0.2897, -0.1957, -0.0106, -0.0305, 0.0000, -0.0776, 0.0950, -0.1742, 0.1553, 0.1173, 0.0000, 0.0108, -0.0408, 0.0000, 0.4119, 0.6971, 0.4744, -0.1710, 11.2958, -0.0180]
Center 2: [0.0021, -0.4100, -0.3223, 0.0796, 0.0405, 0.2465, -0.0071, 0.0451, 0.2924, -0.1027, -0.1259, -0.2943, 0.0000, 0.0802, -0.0169, 0.0955, -0.3402, -0.2089, 0.0000, 0.0135, 0.0509, 0.0000, -0.0087, 0.0295, -0.0682, -0.0338, -0.0779, 0.0622]
Center 3: [0.2068, -0.1522, -0.2036, -0.1762, -0.2603, -0.3042, -0.1925, -0.0904, -0.6642, -0.1957, -0.1259, 3.3981, 0.0000, -0.0264, -0.0178, -0.3590, 0.1944, 0.1890, 0.0000, -0.2716, -0.1429, 0.0000, -0.0209, -0.0804, 0.1641, 0.0761, -0.0893, -0.2609]
Center 4: [-0.0692, 1.2675, 1.0010, -0.1854, -0.0032, -0.5552, 0.0406, -0.0904, -0.5761, 0.3824, -0.1259, -0.2943, 0.0000, -0.2056, -0.0531, -0.1257, 0.9143, 0.4668, 0.0000, 0.0721, -0.0872, 0.0000, 0.0105, -0.0967, 0.1347, 0.0892, -0.0800, -0.1154]
---
ITERATION 12:
Center 0: [-0.1096, -0.5863, -0.0956, 0.2453, -0.2843, -0.7557, 0.7660, -0.0904, -0.4681, -0.1957, 7.9437, -0.2943, 0.0000, -0.2161, 1.5697, -0.3250, -0.0610, 1.0108, 0.0000, -0.2716, -0.1429, 0.0000, 0.1372, 0.2672, -0.1289, -0.1897, -0.0985, 0.3874]
Center 1: [-0.0123, 0.2323, 0.1699, -0.0131, -0.1757, -0.0429, -0.1848, -0.0904, -0.2897, -0.1957, -0.0106, -0.0305, 0.0000, -0.0776, 0.0950, -0.1742, 0.1553, 0.1173, 0.0000, 0.0108, -0.0408, 0.0000, 0.4119, 0.6971, 0.4744, -0.1710, 11.2958, -0.0180]
Center 2: [0.0024, -0.4132, -0.3222, 0.0801, 0.0410, 0.2468, -0.0078, 0.0453, 0.2940, -0.1026, -0.1259, -0.2943, 0.0000, 0.0807, -0.0167, 0.0934, -0.3400, -0.2093, 0.0000, 0.0109, 0.0502, 0.0000, -0.0086, 0.0299, -0.0674, -0.0337, -0.0779, 0.0621]
Center 3: [0.2068, -0.1522, -0.2036, -0.1762, -0.2603, -0.3042, -0.1925, -0.0904, -0.6642, -0.1957, -0.1259, 3.3981, 0.0000, -0.0264, -0.0178, -0.3590, 0.1944, 0.1890, 0.0000, -0.2716, -0.1429, 0.0000, -0.0209, -0.0804, 0.1641, 0.0761, -0.0893, -0.2609]
Center 4: [-0.0698, 1.2694, 0.9950, -0.1856, -0.0044, -0.5525, 0.0424, -0.0904, -0.5768, 0.3800, -0.1259, -0.2943, 0.0000, -0.2056, -0.0537, -0.1184, 0.9085, 0.4649, 0.0000, 0.0791, -0.0844, 0.0000, 0.0103, -0.0971, 0.1316, 0.0884, -0.0801, -0.1144]
---
ITERATION 13:
Center 0: [-0.1096, -0.5863, -0.0956, 0.2453, -0.2843, -0.7557, 0.7660, -0.0904, -0.4681, -0.1957, 7.9437, -0.2943, 0.0000, -0.2161, 1.5697, -0.3250, -0.0610, 1.0108, 0.0000, -0.2716, -0.1429, 0.0000, 0.1372, 0.2672, -0.1289, -0.1897, -0.0985, 0.3874]
Center 1: [-0.0123, 0.2323, 0.1699, -0.0131, -0.1757, -0.0429, -0.1848, -0.0904, -0.2897, -0.1957, -0.0106, -0.0305, 0.0000, -0.0776, 0.0950, -0.1742, 0.1553, 0.1173, 0.0000, 0.0108, -0.0408, 0.0000, 0.4119, 0.6971, 0.4744, -0.1710, 11.2958, -0.0180]
Center 2: [0.0029, -0.4154, -0.3221, 0.0804, 0.0413, 0.2475, -0.0075, 0.0454, 0.2948, -0.1025, -0.1259, -0.2943, 0.0000, 0.0810, -0.0165, 0.0930, -0.3399, -0.2090, 0.0000, 0.0094, 0.0471, 0.0000, -0.0087, 0.0296, -0.0677, -0.0338, -0.0779, 0.0624]
Center 3: [0.2068, -0.1522, -0.2036, -0.1762, -0.2603, -0.3042, -0.1925, -0.0904, -0.6642, -0.1957, -0.1259, 3.3981, 0.0000, -0.0264, -0.0178, -0.3590, 0.1944, 0.1890, 0.0000, -0.2716, -0.1429, 0.0000, -0.0209, -0.0804, 0.1641, 0.0761, -0.0893, -0.2609]
Center 4: [-0.0710, 1.2707, 0.9908, -0.1857, -0.0052, -0.5522, 0.0414, -0.0904, -0.5764, 0.3782, -0.1259, -0.2943, 0.0000, -0.2057, -0.0542, -0.1169, 0.9044, 0.4621, 0.0000, 0.0832, -0.0754, 0.0000, 0.0105, -0.0959, 0.1320, 0.0883, -0.0801, -0.1149]
---
ITERATION 14:
Center 0: [-0.1096, -0.5863, -0.0956, 0.2453, -0.2843, -0.7557, 0.7660, -0.0904, -0.4681, -0.1957, 7.9437, -0.2943, 0.0000, -0.2161, 1.5697, -0.3250, -0.0610, 1.0108, 0.0000, -0.2716, -0.1429, 0.0000, 0.1372, 0.2672, -0.1289, -0.1897, -0.0985, 0.3874]
Center 1: [-0.0123, 0.2323, 0.1699, -0.0131, -0.1757, -0.0429, -0.1848, -0.0904, -0.2897, -0.1957, -0.0106, -0.0305, 0.0000, -0.0776, 0.0950, -0.1742, 0.1553, 0.1173, 0.0000, 0.0108, -0.0408, 0.0000, 0.4119, 0.6971, 0.4744, -0.1710, 11.2958, -0.0180]
Center 2: [0.0033, -0.4183, -0.3221, 0.0808, 0.0417, 0.2480, -0.0076, 0.0456, 0.2958, -0.1023, -0.1259, -0.2943, 0.0000, 0.0814, -0.0162, 0.0933, -0.3398, -0.2087, 0.0000, 0.0080, 0.0431, 0.0000, -0.0087, 0.0296, -0.0682, -0.0343, -0.0778, 0.0629]
Center 3: [0.2068, -0.1522, -0.2036, -0.1762, -0.2603, -0.3042, -0.1925, -0.0904, -0.6642, -0.1957, -0.1259, 3.3981, 0.0000, -0.0264, -0.0178, -0.3590, 0.1944, 0.1890, 0.0000, -0.2716, -0.1429, 0.0000, -0.0209, -0.0804, 0.1641, 0.0761, -0.0893, -0.2609]
Center 4: [-0.0717, 1.2724, 0.9856, -0.1858, -0.0063, -0.5503, 0.0417, -0.0904, -0.5761, 0.3760, -0.1259, -0.2943, 0.0000, -0.2057, -0.0547, -0.1168, 0.8993, 0.4585, 0.0000, 0.0869, -0.0634, 0.0000, 0.0104, -0.0956, 0.1327, 0.0895, -0.0802, -0.1157]
---
ITERATION 15:
Center 0: [-0.1096, -0.5863, -0.0956, 0.2453, -0.2843, -0.7557, 0.7660, -0.0904, -0.4681, -0.1957, 7.9437, -0.2943, 0.0000, -0.2161, 1.5697, -0.3250, -0.0610, 1.0108, 0.0000, -0.2716, -0.1429, 0.0000, 0.1372, 0.2672, -0.1289, -0.1897, -0.0985, 0.3874]
Center 1: [-0.0123, 0.2323, 0.1699, -0.0131, -0.1757, -0.0429, -0.1848, -0.0904, -0.2897, -0.1957, -0.0106, -0.0305, 0.0000, -0.0776, 0.0950, -0.1742, 0.1553, 0.1173, 0.0000, 0.0108, -0.0408, 0.0000, 0.4119, 0.6971, 0.4744, -0.1710, 11.2958, -0.0180]
Center 2: [0.0029, -0.4212, -0.3229, 0.0812, 0.0422, 0.2495, -0.0072, 0.0458, 0.2971, -0.1022, -0.1259, -0.2943, 0.0000, 0.0818, -0.0160, 0.0936, -0.3392, -0.2079, 0.0000, 0.0073, 0.0358, 0.0000, -0.0093, 0.0290, -0.0682, -0.0340, -0.0778, 0.0637]
Center 3: [0.2068, -0.1522, -0.2036, -0.1762, -0.2603, -0.3042, -0.1925, -0.0904, -0.6642, -0.1957, -0.1259, 3.3981, 0.0000, -0.0264, -0.0178, -0.3590, 0.1944, 0.1890, 0.0000, -0.2716, -0.1429, 0.0000, -0.0209, -0.0804, 0.1641, 0.0761, -0.0893, -0.2609]
Center 4: [-0.0703, 1.2732, 0.9823, -0.1859, -0.0075, -0.5512, 0.0403, -0.0904, -0.5759, 0.3736, -0.1259, -0.2943, 0.0000, -0.2057, -0.0554, -0.1169, 0.8925, 0.4534, 0.0000, 0.0887, -0.0425, 0.0000, 0.0119, -0.0931, 0.1316, 0.0879, -0.0803, -0.1170]
---
ITERATION 16:
Center 0: [-0.1096, -0.5863, -0.0956, 0.2453, -0.2843, -0.7557, 0.7660, -0.0904, -0.4681, -0.1957, 7.9437, -0.2943, 0.0000, -0.2161, 1.5697, -0.3250, -0.0610, 1.0108, 0.0000, -0.2716, -0.1429, 0.0000, 0.1372, 0.2672, -0.1289, -0.1897, -0.0985, 0.3874]
Center 1: [-0.0123, 0.2323, 0.1699, -0.0131, -0.1757, -0.0429, -0.1848, -0.0904, -0.2897, -0.1957, -0.0106, -0.0305, 0.0000, -0.0776, 0.0950, -0.1742, 0.1553, 0.1173, 0.0000, 0.0108, -0.0408, 0.0000, 0.4119, 0.6971, 0.4744, -0.1710, 11.2958, -0.0180]
Center 2: [0.0016, -0.4240, -0.3237, 0.0817, 0.0427, 0.2507, -0.0068, 0.0460, 0.2983, -0.1021, -0.1259, -0.2943, 0.0000, 0.0823, -0.0149, 0.0944, -0.3387, -0.2071, 0.0000, 0.0065, 0.0275, 0.0000, -0.0097, 0.0285, -0.0688, -0.0342, -0.0778, 0.0637]
Center 3: [0.2068, -0.1522, -0.2036, -0.1762, -0.2603, -0.3042, -0.1925, -0.0904, -0.6642, -0.1957, -0.1259, 3.3981, 0.0000, -0.0264, -0.0178, -0.3590, 0.1944, 0.1890, 0.0000, -0.2716, -0.1429, 0.0000, -0.0209, -0.0804, 0.1641, 0.0761, -0.0893, -0.2609]
Center 4: [-0.0664, 1.2741, 0.9790, -0.1861, -0.0087, -0.5512, 0.0389, -0.0904, -0.5757, 0.3712, -0.1259, -0.2943, 0.0000, -0.2058, -0.0582, -0.1182, 0.8857, 0.4484, 0.0000, 0.0905, -0.0187, 0.0000, 0.0131, -0.0913, 0.1325, 0.0880, -0.0804, -0.1164]
---
ITERATION 17:
Center 0: [-0.1096, -0.5863, -0.0956, 0.2453, -0.2843, -0.7557, 0.7660, -0.0904, -0.4681, -0.1957, 7.9437, -0.2943, 0.0000, -0.2161, 1.5697, -0.3250, -0.0610, 1.0108, 0.0000, -0.2716, -0.1429, 0.0000, 0.1372, 0.2672, -0.1289, -0.1897, -0.0985, 0.3874]
Center 1: [-0.0123, 0.2323, 0.1699, -0.0131, -0.1757, -0.0429, -0.1848, -0.0904, -0.2897, -0.1957, -0.0106, -0.0305, 0.0000, -0.0776, 0.0950, -0.1742, 0.1553, 0.1173, 0.0000, 0.0108, -0.0408, 0.0000, 0.4119, 0.6971, 0.4744, -0.1710, 11.2958, -0.0180]
Center 2: [0.0018, -0.4253, -0.3241, 0.0819, 0.0429, 0.2507, -0.0066, 0.0461, 0.2986, -0.1020, -0.1259, -0.2943, 0.0000, 0.0825, -0.0140, 0.0947, -0.3382, -0.2065, 0.0000, 0.0049, 0.0265, 0.0000, -0.0099, 0.0290, -0.0688, -0.0343, -0.0778, 0.0648]
Center 3: [0.2068, -0.1522, -0.2036, -0.1762, -0.2603, -0.3042, -0.1925, -0.0904, -0.6642, -0.1957, -0.1259, 3.3981, 0.0000, -0.0264, -0.0178, -0.3590, 0.1944, 0.1890, 0.0000, -0.2716, -0.1429, 0.0000, -0.0209, -0.0804, 0.1641, 0.0761, -0.0893, -0.2609]
Center 4: [-0.0667, 1.2748, 0.9780, -0.1861, -0.0091, -0.5497, 0.0383, -0.0904, -0.5751, 0.3702, -0.1259, -0.2943, 0.0000, -0.2058, -0.0606, -0.1187, 0.8823, 0.4458, 0.0000, 0.0950, -0.0158, 0.0000, 0.0136, -0.0925, 0.1323, 0.0881, -0.0804, -0.1189]
---
ITERATION 18:
Center 0: [-0.1096, -0.5863, -0.0956, 0.2453, -0.2843, -0.7557, 0.7660, -0.0904, -0.4681, -0.1957, 7.9437, -0.2943, 0.0000, -0.2161, 1.5697, -0.3250, -0.0610, 1.0108, 0.0000, -0.2716, -0.1429, 0.0000, 0.1372, 0.2672, -0.1289, -0.1897, -0.0985, 0.3874]
Center 1: [-0.0123, 0.2323, 0.1699, -0.0131, -0.1757, -0.0429, -0.1848, -0.0904, -0.2897, -0.1957, -0.0106, -0.0305, 0.0000, -0.0776, 0.0950, -0.1742, 0.1553, 0.1173, 0.0000, 0.0108, -0.0408, 0.0000, 0.4119, 0.6971, 0.4744, -0.1710, 11.2958, -0.0180]
Center 2: [0.0016, -0.4263, -0.3241, 0.0820, 0.0430, 0.2510, -0.0065, 0.0462, 0.2983, -0.1020, -0.1259, -0.2943, 0.0000, 0.0826, -0.0132, 0.0949, -0.3378, -0.2061, 0.0000, 0.0032, 0.0266, 0.0000, -0.0100, 0.0297, -0.0687, -0.0346, -0.0777, 0.0656]
Center 3: [0.2068, -0.1522, -0.2036, -0.1762, -0.2603, -0.3042, -0.1925, -0.0904, -0.6642, -0.1957, -0.1259, 3.3981, 0.0000, -0.0264, -0.0178, -0.3590, 0.1944, 0.1890, 0.0000, -0.2716, -0.1429, 0.0000, -0.0209, -0.0804, 0.1641, 0.0761, -0.0893, -0.2609]
Center 4: [-0.0662, 1.2762, 0.9768, -0.1861, -0.0094, -0.5499, 0.0380, -0.0904, -0.5735, 0.3697, -0.1259, -0.2943, 0.0000, -0.2058, -0.0629, -0.1189, 0.8800, 0.4439, 0.0000, 0.0997, -0.0160, 0.0000, 0.0139, -0.0945, 0.1316, 0.0889, -0.0804, -0.1212]
---
ITERATION 19:
Center 0: [-0.1096, -0.5863, -0.0956, 0.2453, -0.2843, -0.7557, 0.7660, -0.0904, -0.4681, -0.1957, 7.9437, -0.2943, 0.0000, -0.2161, 1.5697, -0.3250, -0.0610, 1.0108, 0.0000, -0.2716, -0.1429, 0.0000, 0.1372, 0.2672, -0.1289, -0.1897, -0.0985, 0.3874]
Center 1: [-0.0123, 0.2323, 0.1699, -0.0131, -0.1757, -0.0429, -0.1848, -0.0904, -0.2897, -0.1957, -0.0106, -0.0305, 0.0000, -0.0776, 0.0950, -0.1742, 0.1553, 0.1173, 0.0000, 0.0108, -0.0408, 0.0000, 0.4119, 0.6971, 0.4744, -0.1710, 11.2958, -0.0180]
Center 2: [0.0016, -0.4267, -0.3241, 0.0819, 0.0430, 0.2508, -0.0066, 0.0461, 0.2982, -0.1020, -0.1259, -0.2943, 0.0000, 0.0825, -0.0124, 0.0948, -0.3370, -0.2057, 0.0000, 0.0025, 0.0265, 0.0000, -0.0098, 0.0303, -0.0686, -0.0349, -0.0778, 0.0659]
Center 3: [0.2068, -0.1522, -0.2036, -0.1762, -0.2603, -0.3042, -0.1925, -0.0904, -0.6642, -0.1957, -0.1259, 3.3981, 0.0000, -0.0264, -0.0178, -0.3590, 0.1944, 0.1890, 0.0000, -0.2716, -0.1429, 0.0000, -0.0209, -0.0804, 0.1641, 0.0761, -0.0893, -0.2609]
Center 4: [-0.0663, 1.2779, 0.9774, -0.1861, -0.0093, -0.5498, 0.0382, -0.0904, -0.5734, 0.3700, -0.1259, -0.2943, 0.0000, -0.2058, -0.0650, -0.1188, 0.8782, 0.4432, 0.0000, 0.1015, -0.0159, 0.0000, 0.0132, -0.0960, 0.1315, 0.0898, -0.0804, -0.1221]
---
ITERATION 20:
Center 0: [-0.1096, -0.5863, -0.0956, 0.2453, -0.2843, -0.7557, 0.7660, -0.0904, -0.4681, -0.1957, 7.9437, -0.2943, 0.0000, -0.2161, 1.5697, -0.3250, -0.0610, 1.0108, 0.0000, -0.2716, -0.1429, 0.0000, 0.1372, 0.2672, -0.1289, -0.1897, -0.0985, 0.3874]
Center 1: [-0.0123, 0.2323, 0.1699, -0.0131, -0.1757, -0.0429, -0.1848, -0.0904, -0.2897, -0.1957, -0.0106, -0.0305, 0.0000, -0.0776, 0.0950, -0.1742, 0.1553, 0.1173, 0.0000, 0.0108, -0.0408, 0.0000, 0.4119, 0.6971, 0.4744, -0.1710, 11.2958, -0.0180]
Center 2: [0.0016, -0.4267, -0.3241, 0.0819, 0.0435, 0.2507, -0.0066, 0.0461, 0.2980, -0.1020, -0.1259, -0.2943, 0.0000, 0.0825, -0.0124, 0.0947, -0.3366, -0.2057, 0.0000, 0.0025, 0.0265, 0.0000, -0.0099, 0.0302, -0.0685, -0.0351, -0.0778, 0.0661]
Center 3: [0.2068, -0.1522, -0.2036, -0.1762, -0.2603, -0.3042, -0.1925, -0.0904, -0.6642, -0.1957, -0.1259, 3.3981, 0.0000, -0.0264, -0.0178, -0.3590, 0.1944, 0.1890, 0.0000, -0.2716, -0.1429, 0.0000, -0.0209, -0.0804, 0.1641, 0.0761, -0.0893, -0.2609]
Center 4: [-0.0664, 1.2787, 0.9780, -0.1861, -0.0107, -0.5497, 0.0383, -0.0904, -0.5734, 0.3702, -0.1259, -0.2943, 0.0000, -0.2058, -0.0650, -0.1187, 0.8776, 0.4436, 0.0000, 0.1016, -0.0158, 0.0000, 0.0134, -0.0959, 0.1313, 0.0903, -0.0804, -0.1227]
---
ITERATION 21:
Center 0: [-0.1096, -0.5863, -0.0956, 0.2453, -0.2843, -0.7557, 0.7660, -0.0904, -0.4681, -0.1957, 7.9437, -0.2943, 0.0000, -0.2161, 1.5697, -0.3250, -0.0610, 1.0108, 0.0000, -0.2716, -0.1429, 0.0000, 0.1372, 0.2672, -0.1289, -0.1897, -0.0985, 0.3874]
Center 1: [-0.0123, 0.2323, 0.1699, -0.0131, -0.1757, -0.0429, -0.1848, -0.0904, -0.2897, -0.1957, -0.0106, -0.0305, 0.0000, -0.0776, 0.0950, -0.1742, 0.1553, 0.1173, 0.0000, 0.0108, -0.0408, 0.0000, 0.4119, 0.6971, 0.4744, -0.1710, 11.2958, -0.0180]
Center 2: [0.0016, -0.4267, -0.3241, 0.0819, 0.0435, 0.2507, -0.0066, 0.0461, 0.2980, -0.1020, -0.1259, -0.2943, 0.0000, 0.0825, -0.0124, 0.0947, -0.3366, -0.2057, 0.0000, 0.0025, 0.0265, 0.0000, -0.0099, 0.0302, -0.0685, -0.0351, -0.0778, 0.0661]
Center 3: [0.2068, -0.1522, -0.2036, -0.1762, -0.2603, -0.3042, -0.1925, -0.0904, -0.6642, -0.1957, -0.1259, 3.3981, 0.0000, -0.0264, -0.0178, -0.3590, 0.1944, 0.1890, 0.0000, -0.2716, -0.1429, 0.0000, -0.0209, -0.0804, 0.1641, 0.0761, -0.0893, -0.2609]
Center 4: [-0.0664, 1.2787, 0.9780, -0.1861, -0.0107, -0.5497, 0.0383, -0.0904, -0.5734, 0.3702, -0.1259, -0.2943, 0.0000, -0.2058, -0.0650, -0.1187, 0.8776, 0.4436, 0.0000, 0.1016, -0.0158, 0.0000, 0.0134, -0.0959, 0.1313, 0.0903, -0.0804, -0.1227]
---
