ITERATION 0:
Center 0: [-0.4977, 0.8195, 0.1031, -0.2145, -0.3106, -0.4767, -0.2827, -0.0953, -0.6151, -0.1987, -0.1102, 2.1862, 0.0000, -0.1111, -0.1987, -0.3454, 0.4895, 0.4970, 0.0000, -0.2637, -0.1192, 0.0000, 0.6529, -0.2476, -0.0175, 0.3262, -0.0596, -0.7769]
Center 1: [-0.1886, -0.2248, -0.1393, -0.2145, -0.3106, -0.4320, 0.4210, -0.0953, -0.2099, -0.1987, 0.8565, -0.1070, 0.0000, -0.2196, 5.0315, -0.1103, -0.2233, 0.9869, 0.0000, -0.2637, -0.1192, 0.0000, -0.1999, 0.1747, -0.2343, 0.0489, -0.0239, 0.0572]
Center 2: [-0.4308, 0.5133, 0.6703, -0.1495, 0.0188, -0.4830, -0.1808, -0.0953, 0.1073, 0.2197, -0.1102, -0.2989, 0.0000, -0.1559, -0.1987, 0.0835, -0.0753, -0.3502, 0.0000, 2.8192, -0.1192, 0.0000, -0.2311, 0.1614, 0.4796, 0.2259, 0.1981, 0.2687]
Center 3: [0.4643, 0.5591, -0.3780, -0.2145, -0.3106, 0.4858, -0.2827, -0.0953, -0.4996, -0.1987, -0.1102, -0.2989, 0.0000, -0.2196, -0.1987, -0.4102, 0.1061, -0.2315, 0.0000, -0.2637, 8.3922, 0.0000, -0.2136, 0.1457, 0.6005, 0.3112, -0.0941, -0.6010]
Center 4: [0.0488, -0.1416, -0.2188, -0.1703, -0.0608, 0.0879, 0.0986, 0.0392, 0.2185, -0.0753, 0.0065, -0.2989, 0.0000, -0.1156, -0.1987, -0.2706, -0.1121, -0.0011, 0.0000, -0.2269, -0.1192, 0.0000, -0.0371, 0.0530, -0.2261, -0.1175, 0.0060, 0.1421]
Center 5: [0.2291, -0.1283, -0.1620, -0.2145, -0.1846, 0.2633, -0.0917, -0.0197, -0.0308, 0.1748, -0.0446, -0.2728, 0.0000, -0.1514, -0.1987, 1.4209, -0.2243, -0.0680, 0.0000, -0.2057, -0.1192, 0.0000, 0.1761, -0.3994, 0.2768, 0.3166, -0.0940, -0.4211]
Center 6: [-0.1021, -0.5866, 0.3780, -0.2145, -0.3106, -0.7598, -0.2827, -0.0953, 1.4058, -0.1987, -0.1102, -0.2989, 0.0000, -0.2196, -0.1987, 1.0140, -0.4381, -0.4859, 0.0000, 0.7504, 8.3922, 0.0000, -0.7245, 1.4729, -0.5325, -0.3512, -0.0944, 0.1637]
Center 7: [-0.2864, 1.5177, 2.3372, -0.2145, -0.2386, -0.2514, -0.0488, -0.0953, -0.7114, 0.4417, -0.1102, 0.2962, 0.0000, -0.1222, -0.1987, -0.4102, 2.0607, 0.0852, 0.0000, -0.2637, -0.1192, 0.0000, -0.1389, -0.1531, 0.5080, 0.0129, -0.0940, -0.0336]
Center 8: [-0.2043, -0.4911, -0.0630, 3.6455, 2.2632, 0.1052, -0.2827, 0.1253, -0.6672, 0.1281, -0.1102, -0.2989, 0.0000, 2.5650, -0.1987, -0.1728, -0.3814, -0.4329, 0.0000, -0.2637, -0.1192, 0.0000, 0.2310, 0.2323, 0.1756, -0.1066, -0.0939, 0.0513]
Center 9: [0.5376, -0.5866, -0.3780, -0.2145, -0.2245, -0.1522, -0.2827, -0.0953, -0.5564, -0.1987, -0.1102, 3.3459, 0.0000, -0.1032, -0.1987, -0.2017, 0.0928, -0.0516, 0.0000, -0.2637, -0.1192, 0.0000, -0.1765, 0.1919, 0.5452, -0.2429, 0.2185, -0.0722]
---
ITERATION 1:
Center 0: [-0.4872, 1.5084, -0.1188, -0.2145, -0.3106, -0.7005, -0.2827, -0.0953, -0.6509, -0.1987, -0.1102, 1.7839, 0.0000, -0.2196, -0.1987, -0.4102, 1.0390, 1.2585, 0.0000, -0.2637, -0.1192, 0.0000, 0.5718, -0.2721, 0.1473, 0.3908, -0.0939, -0.2540]
Center 1: [-0.1886, -0.2248, -0.1393, -0.2145, -0.3106, -0.4320, 0.4210, -0.0953, -0.2099, -0.1987, 0.8565, -0.1070, 0.0000, -0.2196, 5.0315, -0.1103, -0.2233, 0.9869, 0.0000, -0.2637, -0.1192, 0.0000, -0.1999, 0.1747, -0.2343, 0.0489, -0.0239, 0.0572]
Center 2: [-0.2991, 0.2863, 0.0060, -0.2145, -0.3106, -0.4962, -0.2827, -0.0953, 0.4984, -0.1987, -0.1102, -0.2989, 0.0000, -0.1438, -0.1987, 0.3584, -0.0062, -0.4455, 0.0000, 3.7927, -0.1192, 0.0000, -0.2478, 0.3274, 0.2768, 0.0180, 0.2537, 0.4315]
Center 3: [0.4643, 0.5591, -0.3780, -0.2145, -0.3106, 0.4858, -0.2827, -0.0953, -0.4996, -0.1987, -0.1102, -0.2989, 0.0000, -0.2196, -0.1987, -0.4102, 0.1061, -0.2315, 0.0000, -0.2637, 8.3922, 0.0000, -0.2136, 0.1457, 0.6005, 0.3112, -0.0941, -0.6010]
Center 4: [0.1495, -0.2411, -0.2940, -0.2145, -0.0935, 0.1340, 0.1115, 0.0728, 0.2590, -0.1261, 0.0173, -0.2989, 0.0000, -0.0965, -0.1987, -0.3932, -0.2167, -0.0114, 0.0000, -0.2637, -0.1192, 0.0000, -0.0724, 0.0566, -0.1279, -0.0666, 0.0112, 0.0977]
Center 5: [-0.2396, -0.2248, -0.1279, -0.2145, -0.1779, 0.4733, -0.2252, -0.0953, -0.0269, 0.1945, -0.0412, -0.2989, 0.0000, -0.0760, -0.1987, 1.9456, -0.3767, -0.1799, 0.0000, -0.2637, -0.1192, 0.0000, 0.2355, -0.3394, -0.1321, 0.0885, -0.0784, -0.2472]
Center 6: [-0.1021, -0.5866, 0.3780, -0.2145, -0.3106, -0.7598, -0.2827, -0.0953, 1.4058, -0.1987, -0.1102, -0.2989, 0.0000, -0.2196, -0.1987, 1.0140, -0.4381, -0.4859, 0.0000, 0.7504, 8.3922, 0.0000, -0.7245, 1.4729, -0.5325, -0.3512, -0.0944, 0.1637]
Center 7: [-0.1416, 1.4211, 1.8394, -0.2145, -0.0753, -0.5028, 0.1903, -0.0953, -0.6307, 0.6481, -0.1102, -0.1947, 0.0000, -0.2196, -0.1987, -0.3830, 1.4277, 0.0956, 0.0000, -0.2637, -0.1192, 0.0000, 0.0254, -0.0850, 0.4494, 0.1829, -0.0939, -0.1083]
Center 8: [-0.1552, -0.5866, 0.0963, 3.9920, 2.7348, 0.0136, -0.2827, 0.1123, -0.5868, 0.2115, -0.1102, -0.2989, 0.0000, 2.1204, -0.1987, -0.2426, -0.3847, -0.4360, 0.0000, -0.1841, -0.1192, 0.0000, 0.1501, -0.0619, -0.1104, -0.0693, -0.0939, -0.0700]
Center 9: [0.3175, -0.5866, -0.3780, -0.2145, -0.2487, -0.1407, -0.2827, -0.0953, -0.5628, -0.1987, -0.1102, 3.3459, 0.0000, 0.0317, -0.1987, -0.2103, 0.0393, -0.1288, 0.0000, -0.2637, -0.1192, 0.0000, 0.0541, 0.0629, 0.4017, -0.2152, 0.1572, -0.2901]
---
ITERATION 2:
Center 0: [-0.3759, 1.5792, -0.3365, -0.2145, -0.3106, -0.6745, -0.0734, -0.0953, -0.6824, -0.1987, -0.1102, 0.4001, 0.0000, -0.2196, -0.1987, -0.4102, 0.9037, 1.8838, 0.0000, -0.2637, -0.1192, 0.0000, 0.1587, -0.0563, 0.1659, 0.2211, -0.0939, 0.0682]
Center 1: [-0.1886, -0.2248, -0.1393, -0.2145, -0.3106, -0.4320, 0.4210, -0.0953, -0.2099, -0.1987, 0.8565, -0.1070, 0.0000, -0.2196, 5.0315, -0.1103, -0.2233, 0.9869, 0.0000, -0.2637, -0.1192, 0.0000, -0.1999, 0.1747, -0.2343, 0.0489, -0.0239, 0.0572]
Center 2: [-0.2991, 0.2863, 0.0060, -0.2145, -0.3106, -0.4962, -0.2827, -0.0953, 0.4984, -0.1987, -0.1102, -0.2989, 0.0000, -0.1438, -0.1987, 0.3584, -0.0062, -0.4455, 0.0000, 3.7927, -0.1192, 0.0000, -0.2478, 0.3274, 0.2768, 0.0180, 0.2537, 0.4315]
Center 3: [0.4643, 0.5591, -0.3780, -0.2145, -0.3106, 0.4858, -0.2827, -0.0953, -0.4996, -0.1987, -0.1102, -0.2989, 0.0000, -0.2196, -0.1987, -0.4102, 0.1061, -0.2315, 0.0000, -0.2637, 8.3922, 0.0000, -0.2136, 0.1457, 0.6005, 0.3112, -0.0941, -0.6010]
Center 4: [0.2115, -0.3622, -0.3339, -0.2145, -0.1268, 0.2566, 0.0914, 0.1032, 0.2899, -0.1443, 0.0237, -0.2989, 0.0000, -0.0903, -0.1987, -0.4102, -0.2453, -0.1732, 0.0000, -0.2637, -0.1192, 0.0000, -0.0472, 0.0109, -0.0840, -0.0235, 0.0164, 0.0457]
Center 5: [-0.4013, -0.2449, -0.0862, -0.2145, -0.2177, 0.3328, -0.2157, -0.0953, 0.1244, 0.1224, -0.0296, -0.2989, 0.0000, -0.0102, -0.1987, 2.4131, -0.3665, -0.1288, 0.0000, -0.2637, -0.1192, 0.0000, 0.2162, -0.1639, -0.3337, -0.1016, -0.0757, -0.0691]
Center 6: [-0.1021, -0.5866, 0.3780, -0.2145, -0.3106, -0.7598, -0.2827, -0.0953, 1.4058, -0.1987, -0.1102, -0.2989, 0.0000, -0.2196, -0.1987, 1.0140, -0.4381, -0.4859, 0.0000, 0.7504, 8.3922, 0.0000, -0.7245, 1.4729, -0.5325, -0.3512, -0.0944, 0.1637]
Center 7: [-0.1460, 1.2641, 2.0352, -0.2145, 0.1985, -0.5203, 0.2316, -0.0953, -0.6096, 0.9076, -0.1102, -0.2288, 0.0000, -0.2196, -0.1987, -0.3828, 1.1840, -0.1434, 0.0000, -0.2637, -0.1192, 0.0000, 0.0078, -0.1181, 0.3390, 0.1569, -0.0940, -0.2082]
Center 8: [-0.1578, -0.5866, 0.1058, 4.0762, 2.7957, 0.0291, -0.2827, -0.0953, -0.5843, 0.2197, -0.1102, -0.2989, 0.0000, 2.0717, -0.1987, -0.2393, -0.3836, -0.4350, 0.0000, -0.1825, -0.1192, 0.0000, 0.1188, -0.0551, -0.1246, -0.0863, -0.0939, -0.0792]
Center 9: [0.2577, -0.4434, -0.2362, -0.2145, -0.2555, -0.2084, -0.2827, -0.0953, -0.5460, -0.1987, -0.1102, 3.3459, 0.0000, 0.0042, -0.1987, -0.2321, -0.0129, -0.1282, 0.0000, -0.2637, -0.1192, 0.0000, 0.1236, -0.0319, 0.3880, -0.1560, 0.1298, -0.2720]
---
ITERATION 3:
Center 0: [-0.1928, 1.3741, -0.3780, -0.2145, -0.3106, -0.7170, -0.0070, -0.0953, -0.6459, -0.1987, 0.0792, 0.0393, 0.0000, -0.2196, -0.1987, -0.3514, 0.9083, 1.7696, 0.0000, -0.2637, -0.1192, 0.0000, 0.0260, -0.0479, 0.1800, 0.0919, -0.0940, 0.0362]
Center 1: [-0.1886, -0.2248, -0.1393, -0.2145, -0.3106, -0.4320, 0.4210, -0.0953, -0.2099, -0.1987, 0.8565, -0.1070, 0.0000, -0.2196, 5.0315, -0.1103, -0.2233, 0.9869, 0.0000, -0.2637, -0.1192, 0.0000, -0.1999, 0.1747, -0.2343, 0.0489, -0.0239, 0.0572]
Center 2: [-0.2991, 0.2863, 0.0060, -0.2145, -0.3106, -0.4962, -0.2827, -0.0953, 0.4984, -0.1987, -0.1102, -0.2989, 0.0000, -0.1438, -0.1987, 0.3584, -0.0062, -0.4455, 0.0000, 3.7927, -0.1192, 0.0000, -0.2478, 0.3274, 0.2768, 0.0180, 0.2537, 0.4315]
Center 3: [0.4643, 0.5591, -0.3780, -0.2145, -0.3106, 0.4858, -0.2827, -0.0953, -0.4996, -0.1987, -0.1102, -0.2989, 0.0000, -0.2196, -0.1987, -0.4102, 0.1061, -0.2315, 0.0000, -0.2637, 8.3922, 0.0000, -0.2136, 0.1457, 0.6005, 0.3112, -0.0941, -0.6010]
Center 4: [0.2243, -0.3837, -0.3322, -0.2145, -0.1200, 0.2939, 0.0721, 0.1105, 0.3129, -0.1649, -0.0110, -0.2989, 0.0000, -0.0856, -0.1987, -0.4102, -0.2676, -0.2496, 0.0000, -0.2637, -0.1192, 0.0000, -0.0331, 0.0168, -0.0847, -0.0145, 0.0205, 0.0467]
Center 5: [-0.3692, -0.2741, -0.1031, -0.2145, -0.2785, 0.3348, -0.2132, -0.0953, 0.1547, 0.0865, -0.0267, -0.2989, 0.0000, -0.0026, -0.1987, 2.4381, -0.3639, -0.1621, 0.0000, -0.2637, -0.1192, 0.0000, 0.2123, -0.1583, -0.3471, -0.1062, -0.0751, -0.0366]
Center 6: [-0.1021, -0.5866, 0.3780, -0.2145, -0.3106, -0.7598, -0.2827, -0.0953, 1.4058, -0.1987, -0.1102, -0.2989, 0.0000, -0.2196, -0.1987, 1.0140, -0.4381, -0.4859, 0.0000, 0.7504, 8.3922, 0.0000, -0.7245, 1.4729, -0.5325, -0.3512, -0.0944, 0.1637]
Center 7: [-0.3005, 1.1615, 2.2717, -0.2145, 0.3080, -0.4388, 0.3081, -0.0953, -0.5804, 1.1492, -0.1102, -0.1861, 0.0000, -0.2196, -0.1987, -0.3514, 1.0486, -0.1187, 0.0000, -0.2637, -0.1192, 0.0000, -0.0002, -0.1613, 0.3201, 0.1679, -0.0939, -0.2606]
Center 8: [-0.1578, -0.5866, 0.1058, 4.0762, 2.7957, 0.0291, -0.2827, -0.0953, -0.5843, 0.2197, -0.1102, -0.2989, 0.0000, 2.0717, -0.1987, -0.2393, -0.3836, -0.4350, 0.0000, -0.1825, -0.1192, 0.0000, 0.1188, -0.0551, -0.1246, -0.0863, -0.0939, -0.0792]
Center 9: [0.2102, -0.3170, -0.2446, -0.2145, -0.2587, -0.2408, -0.2827, -0.0953, -0.5557, -0.1987, -0.1102, 3.3459, 0.0000, -0.0090, -0.1987, -0.2426, 0.0421, -0.1492, 0.0000, -0.2637, -0.1192, 0.0000, 0.1731, -0.0281, 0.3339, -0.1055, 0.1166, -0.2332]
---
ITERATION 4:
Center 0: [-0.0468, 1.1789, -0.3780, -0.2145, -0.3106, -0.7258, 0.1870, -0.0953, -0.6419, -0.1987, 0.1156, -0.0300, 0.0000, -0.2196, -0.1987, -0.3168, 0.8332, 1.6202, 0.0000, -0.2637, -0.1192, 0.0000, -0.0801, 0.0065, 0.2476, 0.0733, -0.0940, -0.0464]
Center 1: [-0.1886, -0.2248, -0.1393, -0.2145, -0.3106, -0.4320, 0.4210, -0.0953, -0.2099, -0.1987, 0.8565, -0.1070, 0.0000, -0.2196, 5.0315, -0.1103, -0.2233, 0.9869, 0.0000, -0.2637, -0.1192, 0.0000, -0.1999, 0.1747, -0.2343, 0.0489, -0.0239, 0.0572]
Center 2: [-0.2991, 0.2863, 0.0060, -0.2145, -0.3106, -0.4962, -0.2827, -0.0953, 0.4984, -0.1987, -0.1102, -0.2989, 0.0000, -0.1438, -0.1987, 0.3584, -0.0062, -0.4455, 0.0000, 3.7927, -0.1192, 0.0000, -0.2478, 0.3274, 0.2768, 0.0180, 0.2537, 0.4315]
Center 3: [0.4643, 0.5591, -0.3780, -0.2145, -0.3106, 0.4858, -0.2827, -0.0953, -0.4996, -0.1987, -0.1102, -0.2989, 0.0000, -0.2196, -0.1987, -0.4102, 0.1061, -0.2315, 0.0000, -0.2637, 8.3922, 0.0000, -0.2136, 0.1457, 0.6005, 0.3112, -0.0941, -0.6010]
Center 4: [0.2087, -0.3867, -0.3306, -0.2145, -0.1132, 0.3316, 0.0506, 0.1179, 0.3448, -0.1636, -0.0280, -0.2989, 0.0000, -0.0808, -0.1987, -0.4102, -0.2737, -0.3152, 0.0000, -0.2637, -0.1192, 0.0000, -0.0164, 0.0094, -0.1041, -0.0176, 0.0246, 0.0525]
Center 5: [-0.3508, -0.3108, -0.0980, -0.2145, -0.2779, 0.3551, -0.2119, -0.0953, 0.1708, 0.0918, -0.0252, -0.2989, 0.0000, 0.0014, -0.1987, 2.4381, -0.3625, -0.2032, 0.0000, -0.2637, -0.1192, 0.0000, 0.2104, -0.1699, -0.3646, -0.0836, -0.0747, -0.0112]
Center 6: [-0.1021, -0.5866, 0.3780, -0.2145, -0.3106, -0.7598, -0.2827, -0.0953, 1.4058, -0.1987, -0.1102, -0.2989, 0.0000, -0.2196, -0.1987, 1.0140, -0.4381, -0.4859, 0.0000, 0.7504, 8.3922, 0.0000, -0.7245, 1.4729, -0.5325, -0.3512, -0.0944, 0.1637]
Center 7: [-0.3792, 1.1126, 2.4759, -0.2145, 0.3636, -0.4332, 0.1895, -0.0953, -0.5686, 1.2704, -0.1102, -0.2170, 0.0000, -0.2196, -0.1987, -0.3461, 0.9377, -0.0857, 0.0000, -0.2637, -0.1192, 0.0000, 0.0512, -0.1748, 0.2949, 0.1774, -0.0939, -0.2482]
Center 8: [-0.1578, -0.5866, 0.1058, 4.0762, 2.7957, 0.0291, -0.2827, -0.0953, -0.5843, 0.2197, -0.1102, -0.2989, 0.0000, 2.0717, -0.1987, -0.2393, -0.3836, -0.4350, 0.0000, -0.1825, -0.1192, 0.0000, 0.1188, -0.0551, -0.1246, -0.0863, -0.0939, -0.0792]
Center 9: [0.1984, -0.2877, -0.2027, -0.2145, -0.2595, -0.2182, -0.2827, -0.0953, -0.5579, -0.1987, -0.1102, 3.3459, 0.0000, -0.0120, -0.1987, -0.2450, 0.0746, -0.1541, 0.0000, -0.2637, -0.1192, 0.0000, 0.1758, -0.0424, 0.3377, -0.1189, 0.1136, -0.2111]
---
ITERATION 5:
Center 0: [0.0009, 1.0142, -0.3780, -0.2145, -0.3106, -0.7314, 0.4238, -0.0953, -0.4938, -0.1987, 0.1414, -0.1491, 0.0000, -0.2196, -0.1987, -0.3126, 0.6056, 1.4831, 0.0000, -0.2637, -0.1192, 0.0000, -0.1619, 0.0077, 0.2590, 0.0777, -0.0940, -0.0489]
Center 1: [-0.1886, -0.2248, -0.1393, -0.2145, -0.3106, -0.4320, 0.4210, -0.0953, -0.2099, -0.1987, 0.8565, -0.1070, 0.0000, -0.2196, 5.0315, -0.1103, -0.2233, 0.9869, 0.0000, -0.2637, -0.1192, 0.0000, -0.1999, 0.1747, -0.2343, 0.0489, -0.0239, 0.0572]
Center 2: [-0.2991, 0.2863, 0.0060, -0.2145, -0.3106, -0.4962, -0.2827, -0.0953, 0.4984, -0.1987, -0.1102, -0.2989, 0.0000, -0.1438, -0.1987, 0.3584, -0.0062, -0.4455, 0.0000, 3.7927, -0.1192, 0.0000, -0.2478, 0.3274, 0.2768, 0.0180, 0.2537, 0.4315]
Center 3: [0.4643, 0.5591, -0.3780, -0.2145, -0.3106, 0.4858, -0.2827, -0.0953, -0.4996, -0.1987, -0.1102, -0.2989, 0.0000, -0.2196, -0.1987, -0.4102, 0.1061, -0.2315, 0.0000, -0.2637, 8.3922, 0.0000, -0.2136, 0.1457, 0.6005, 0.3112, -0.0941, -0.6010]
Center 4: [0.2153, -0.4288, -0.3277, -0.2145, -0.1010, 0.3990, -0.0377, 0.1311, 0.3548, -0.1615, -0.0448, -0.2989, 0.0000, -0.0722, -0.1987, -0.4102, -0.2700, -0.3953, 0.0000, -0.2637, -0.1192, 0.0000, 0.0130, 0.0088, -0.1315, -0.0196, 0.0319, 0.0638]
Center 5: [-0.3689, -0.3296, -0.0954, -0.2145, -0.2776, 0.3655, -0.2113, -0.0953, 0.1790, 0.0945, -0.0244, -0.2989, 0.0000, 0.0035, -0.1987, 2.4381, -0.3872, -0.2006, 0.0000, -0.2637, -0.1192, 0.0000, 0.2057, -0.1759, -0.3737, -0.0916, -0.0745, -0.0149]
Center 6: [-0.1021, -0.5866, 0.3780, -0.2145, -0.3106, -0.7598, -0.2827, -0.0953, 1.4058, -0.1987, -0.1102, -0.2989, 0.0000, -0.2196, -0.1987, 1.0140, -0.4381, -0.4859, 0.0000, 0.7504, 8.3922, 0.0000, -0.7245, 1.4729, -0.5325, -0.3512, -0.0944, 0.1637]
Center 7: [-0.3741, 1.0990, 2.4720, -0.2145, 0.3791, -0.4735, 0.2003, -0.0953, -0.5653, 1.3042, -0.1102, -0.2989, 0.0000, -0.2196, -0.1987, -0.3447, 0.9067, -0.0765, 0.0000, -0.2637, -0.1192, 0.0000, 0.0369, -0.1896, 0.2879, 0.1688, -0.0939, -0.2732]
Center 8: [-0.1578, -0.5866, 0.1058, 4.0762, 2.7957, 0.0291, -0.2827, -0.0953, -0.5843, 0.2197, -0.1102, -0.2989, 0.0000, 2.0717, -0.1987, -0.2393, -0.3836, -0.4350, 0.0000, -0.1825, -0.1192, 0.0000, 0.1188, -0.0551, -0.1246, -0.0863, -0.0939, -0.0792]
Center 9: [0.1471, -0.1531, -0.1328, -0.2145, -0.2629, -0.1987, -0.2827, -0.0953, -0.5683, -0.1987, -0.1102, 3.3459, 0.0000, -0.0261, -0.1987, -0.2562, 0.2238, -0.0734, 0.0000, -0.2637, -0.1192, 0.0000, 0.2060, -0.0185, 0.3555, -0.1132, 0.0995, -0.1949]
---
ITERATION 6:
Center 0: [0.0358, 0.9458, -0.3780, -0.2145, -0.3106, -0.7338, 0.5768, -0.0953, -0.3012, -0.1987, 0.1194, -0.2989, 0.0000, -0.2196, -0.1987, -0.3033, 0.4462, 1.3426, 0.0000, -0.2637, -0.1192, 0.0000, -0.1218, -0.0447, 0.2889, 0.1126, -0.0940, -0.0612]
Center 1: [-0.1886, -0.2248, -0.1393, -0.2145, -0.3106, -0.4320, 0.4210, -0.0953, -0.2099, -0.1987, 0.8565, -0.1070, 0.0000, -0.2196, 5.0315, -0.1103, -0.2233, 0.9869, 0.0000, -0.2637, -0.1192, 0.0000, -0.1999, 0.1747, -0.2343, 0.0489, -0.0239, 0.0572]
Center 2: [-0.2991, 0.2863, 0.0060, -0.2145, -0.3106, -0.4962, -0.2827, -0.0953, 0.4984, -0.1987, -0.1102, -0.2989, 0.0000, -0.1438, -0.1987, 0.3584, -0.0062, -0.4455, 0.0000, 3.7927, -0.1192, 0.0000, -0.2478, 0.3274, 0.2768, 0.0180, 0.2537, 0.4315]
Center 3: [0.4643, 0.5591, -0.3780, -0.2145, -0.3106, 0.4858, -0.2827, -0.0953, -0.4996, -0.1987, -0.1102, -0.2989, 0.0000, -0.2196, -0.1987, -0.4102, 0.1061, -0.2315, 0.0000, -0.2637, 8.3922, 0.0000, -0.2136, 0.1457, 0.6005, 0.3112, -0.0941, -0.6010]
Center 4: [0.2234, -0.4783, -0.3253, -0.2145, -0.0911, 0.4538, -0.1116, 0.1418, 0.3261, -0.1597, -0.0417, -0.2989, 0.0000, -0.0652, -0.1987, -0.4102, -0.2756, -0.4353, 0.0000, -0.2637, -0.1192, 0.0000, 0.0041, 0.0235, -0.1605, -0.0389, 0.0379, 0.0619]
Center 5: [-0.3840, -0.3488, -0.0927, -0.2145, -0.2773, 0.3761, -0.2106, -0.0953, 0.1675, 0.0973, -0.0236, -0.2989, 0.0000, 0.0056, -0.1987, 2.4381, -0.3867, -0.2219, 0.0000, -0.2637, -0.1192, 0.0000, 0.2090, -0.1679, -0.3828, -0.1013, -0.0743, 0.0067]
Center 6: [-0.1021, -0.5866, 0.3780, -0.2145, -0.3106, -0.7598, -0.2827, -0.0953, 1.4058, -0.1987, -0.1102, -0.2989, 0.0000, -0.2196, -0.1987, 1.0140, -0.4381, -0.4859, 0.0000, 0.7504, 8.3922, 0.0000, -0.7245, 1.4729, -0.5325, -0.3512, -0.0944, 0.1637]
Center 7: [-0.3741, 1.0990, 2.4720, -0.2145, 0.3791, -0.4735, 0.2003, -0.0953, -0.5653, 1.3042, -0.1102, -0.2989, 0.0000, -0.2196, -0.1987, -0.3447, 0.9067, -0.0765, 0.0000, -0.2637, -0.1192, 0.0000, 0.0369, -0.1896, 0.2879, 0.1688, -0.0939, -0.2732]
Center 8: [-0.1578, -0.5866, 0.1058, 4.0762, 2.7957, 0.0291, -0.2827, -0.0953, -0.5843, 0.2197, -0.1102, -0.2989, 0.0000, 2.0717, -0.1987, -0.2393, -0.3836, -0.4350, 0.0000, -0.1825, -0.1192, 0.0000, 0.1188, -0.0551, -0.1246, -0.0863, -0.0939, -0.0792]
Center 9: [0.0923, -0.0137, -0.1512, -0.2145, -0.2665, -0.2408, -0.2827, -0.0953, -0.5790, -0.1987, -0.1102, 3.3459, 0.0000, -0.0406, -0.1987, -0.2677, 0.3782, 0.0865, 0.0000, -0.2637, -0.1192, 0.0000, 0.1849, 0.0017, 0.3455, -0.0840, 0.0850, -0.1512]
---
ITERATION 7:
Center 0: [0.0372, 0.8620, -0.3780, -0.2145, -0.3106, -0.7240, 0.6614, -0.0953, -0.2247, -0.1987, 0.1537, -0.2989, 0.0000, -0.2196, -0.1987, -0.3119, 0.4063, 1.2686, 0.0000, -0.2637, -0.1192, 0.0000, -0.1140, -0.0300, 0.2358, 0.0494, -0.0940, -0.0664]
Center 1: [-0.1886, -0.2248, -0.1393, -0.2145, -0.3106, -0.4320, 0.4210, -0.0953, -0.2099, -0.1987, 0.8565, -0.1070, 0.0000, -0.2196, 5.0315, -0.1103, -0.2233, 0.9869, 0.0000, -0.2637, -0.1192, 0.0000, -0.1999, 0.1747, -0.2343, 0.0489, -0.0239, 0.0572]
Center 2: [-0.2991, 0.2863, 0.0060, -0.2145, -0.3106, -0.4962, -0.2827, -0.0953, 0.4984, -0.1987, -0.1102, -0.2989, 0.0000, -0.1438, -0.1987, 0.3584, -0.0062, -0.4455, 0.0000, 3.7927, -0.1192, 0.0000, -0.2478, 0.3274, 0.2768, 0.0180, 0.2537, 0.4315]
Center 3: [0.4643, 0.5591, -0.3780, -0.2145, -0.3106, 0.4858, -0.2827, -0.0953, -0.4996, -0.1987, -0.1102, -0.2989, 0.0000, -0.2196, -0.1987, -0.4102, 0.1061, -0.2315, 0.0000, -0.2637, 8.3922, 0.0000, -0.2136, 0.1457, 0.6005, 0.3112, -0.0941, -0.6010]
Center 4: [0.2295, -0.4921, -0.3234, -0.2145, -0.0832, 0.4922, -0.1744, 0.1503, 0.3145, -0.1583, -0.0629, -0.2989, 0.0000, -0.0596, -0.1987, -0.4102, -0.2838, -0.4662, 0.0000, -0.2637, -0.1192, 0.0000, 0.0051, 0.0194, -0.1529, -0.0160, 0.0426, 0.0687]
Center 5: [-0.3840, -0.3488, -0.0927, -0.2145, -0.2773, 0.3761, -0.2106, -0.0953, 0.1675, 0.0973, -0.0236, -0.2989, 0.0000, 0.0056, -0.1987, 2.4381, -0.3867, -0.2219, 0.0000, -0.2637, -0.1192, 0.0000, 0.2090, -0.1679, -0.3828, -0.1013, -0.0743, 0.0067]
Center 6: [-0.1021, -0.5866, 0.3780, -0.2145, -0.3106, -0.7598, -0.2827, -0.0953, 1.4058, -0.1987, -0.1102, -0.2989, 0.0000, -0.2196, -0.1987, 1.0140, -0.4381, -0.4859, 0.0000, 0.7504, 8.3922, 0.0000, -0.7245, 1.4729, -0.5325, -0.3512, -0.0944, 0.1637]
Center 7: [-0.3741, 1.0990, 2.4720, -0.2145, 0.3791, -0.4735, 0.2003, -0.0953, -0.5653, 1.3042, -0.1102, -0.2989, 0.0000, -0.2196, -0.1987, -0.3447, 0.9067, -0.0765, 0.0000, -0.2637, -0.1192, 0.0000, 0.0369, -0.1896, 0.2879, 0.1688, -0.0939, -0.2732]
Center 8: [-0.1578, -0.5866, 0.1058, 4.0762, 2.7957, 0.0291, -0.2827, -0.0953, -0.5843, 0.2197, -0.1102, -0.2989, 0.0000, 2.0717, -0.1987, -0.2393, -0.3836, -0.4350, 0.0000, -0.1825, -0.1192, 0.0000, 0.1188, -0.0551, -0.1246, -0.0863, -0.0939, -0.0792]
Center 9: [0.0923, -0.0137, -0.1512, -0.2145, -0.2665, -0.2408, -0.2827, -0.0953, -0.5790, -0.1987, -0.1102, 3.3459, 0.0000, -0.0406, -0.1987, -0.2677, 0.3782, 0.0865, 0.0000, -0.2637, -0.1192, 0.0000, 0.1849, 0.0017, 0.3455, -0.0840, 0.0850, -0.1512]
---
ITERATION 8:
Center 0: [0.0163, 0.8109, -0.3780, -0.2145, -0.3106, -0.7142, 0.7458, -0.0953, -0.1530, -0.1987, 0.1421, -0.2989, 0.0000, -0.2196, -0.1987, -0.3319, 0.3543, 1.2194, 0.0000, -0.2637, -0.1192, 0.0000, -0.1102, -0.0177, 0.2145, 0.0442, -0.0940, -0.0513]
Center 1: [-0.1886, -0.2248, -0.1393, -0.2145, -0.3106, -0.4320, 0.4210, -0.0953, -0.2099, -0.1987, 0.8565, -0.1070, 0.0000, -0.2196, 5.0315, -0.1103, -0.2233, 0.9869, 0.0000, -0.2637, -0.1192, 0.0000, -0.1999, 0.1747, -0.2343, 0.0489, -0.0239, 0.0572]
Center 2: [-0.2991, 0.2863, 0.0060, -0.2145, -0.3106, -0.4962, -0.2827, -0.0953, 0.4984, -0.1987, -0.1102, -0.2989, 0.0000, -0.1438, -0.1987, 0.3584, -0.0062, -0.4455, 0.0000, 3.7927, -0.1192, 0.0000, -0.2478, 0.3274, 0.2768, 0.0180, 0.2537, 0.4315]
Center 3: [0.4643, 0.5591, -0.3780, -0.2145, -0.3106, 0.4858, -0.2827, -0.0953, -0.4996, -0.1987, -0.1102, -0.2989, 0.0000, -0.2196, -0.1987, -0.4102, 0.1061, -0.2315, 0.0000, -0.2637, 8.3922, 0.0000, -0.2136, 0.1457, 0.6005, 0.3112, -0.0941, -0.6010]
Center 4: [0.2401, -0.5019, -0.3221, -0.2145, -0.0778, 0.5164, -0.2323, 0.1561, 0.2941, -0.1573, -0.0617, -0.2989, 0.0000, -0.0558, -0.1987, -0.4102, -0.2801, -0.4792, 0.0000, -0.2637, -0.1192, 0.0000, 0.0039, 0.0133, -0.1528, -0.0170, 0.0459, 0.0634]
Center 5: [-0.3657, -0.3296, -0.0954, -0.2145, -0.2776, 0.3655, -0.2113, -0.0953, 0.1592, 0.0945, -0.0244, -0.2989, 0.0000, 0.0035, -0.1987, 2.4381, -0.3618, -0.2244, 0.0000, -0.2637, -0.1192, 0.0000, 0.2136, -0.1620, -0.3737, -0.0930, -0.0745, 0.0103]
Center 6: [-0.1021, -0.5866, 0.3780, -0.2145, -0.3106, -0.7598, -0.2827, -0.0953, 1.4058, -0.1987, -0.1102, -0.2989, 0.0000, -0.2196, -0.1987, 1.0140, -0.4381, -0.4859, 0.0000, 0.7504, 8.3922, 0.0000, -0.7245, 1.4729, -0.5325, -0.3512, -0.0944, 0.1637]
Center 7: [-0.3741, 1.0990, 2.4720, -0.2145, 0.3791, -0.4735, 0.2003, -0.0953, -0.5653, 1.3042, -0.1102, -0.2989, 0.0000, -0.2196, -0.1987, -0.3447, 0.9067, -0.0765, 0.0000, -0.2637, -0.1192, 0.0000, 0.0369, -0.1896, 0.2879, 0.1688, -0.0939, -0.2732]
Center 8: [-0.1578, -0.5866, 0.1058, 4.0762, 2.7957, 0.0291, -0.2827, -0.0953, -0.5843, 0.2197, -0.1102, -0.2989, 0.0000, 2.0717, -0.1987, -0.2393, -0.3836, -0.4350, 0.0000, -0.1825, -0.1192, 0.0000, 0.1188, -0.0551, -0.1246, -0.0863, -0.0939, -0.0792]
Center 9: [0.0923, -0.0137, -0.1512, -0.2145, -0.2665, -0.2408, -0.2827, -0.0953, -0.5790, -0.1987, -0.1102, 3.3459, 0.0000, -0.0406, -0.1987, -0.2677, 0.3782, 0.0865, 0.0000, -0.2637, -0.1192, 0.0000, 0.1849, 0.0017, 0.3455, -0.0840, 0.0850, -0.1512]
---
ITERATION 9:
Center 0: [0.0437, 0.7957, -0.3780, -0.2145, -0.3106, -0.7147, 0.7762, -0.0953, -0.1245, -0.1987, 0.1394, -0.2989, 0.0000, -0.2196, -0.1987, -0.3482, 0.3457, 1.1870, 0.0000, -0.2637, -0.1192, 0.0000, -0.1393, -0.0124, 0.2187, 0.0513, -0.0940, -0.0172]
Center 1: [-0.1886, -0.2248, -0.1393, -0.2145, -0.3106, -0.4320, 0.4210, -0.0953, -0.2099, -0.1987, 0.8565, -0.1070, 0.0000, -0.2196, 5.0315, -0.1103, -0.2233, 0.9869, 0.0000, -0.2637, -0.1192, 0.0000, -0.1999, 0.1747, -0.2343, 0.0489, -0.0239, 0.0572]
Center 2: [-0.2991, 0.2863, 0.0060, -0.2145, -0.3106, -0.4962, -0.2827, -0.0953, 0.4984, -0.1987, -0.1102, -0.2989, 0.0000, -0.1438, -0.1987, 0.3584, -0.0062, -0.4455, 0.0000, 3.7927, -0.1192, 0.0000, -0.2478, 0.3274, 0.2768, 0.0180, 0.2537, 0.4315]
Center 3: [0.4643, 0.5591, -0.3780, -0.2145, -0.3106, 0.4858, -0.2827, -0.0953, -0.4996, -0.1987, -0.1102, -0.2989, 0.0000, -0.2196, -0.1987, -0.4102, 0.1061, -0.2315, 0.0000, -0.2637, 8.3922, 0.0000, -0.2136, 0.1457, 0.6005, 0.3112, -0.0941, -0.6010]
Center 4: [0.2321, -0.5074, -0.3217, -0.2145, -0.0759, 0.5266, -0.2522, 0.1582, 0.2853, -0.1570, -0.0614, -0.2989, 0.0000, -0.0545, -0.1987, -0.4102, -0.2789, -0.4791, 0.0000, -0.2637, -0.1192, 0.0000, 0.0151, 0.0097, -0.1589, -0.0181, 0.0470, 0.0537]
Center 5: [-0.3750, -0.3108, -0.0980, -0.2145, -0.2779, 0.3551, -0.2119, -0.0953, 0.1512, 0.0918, -0.0252, -0.2989, 0.0000, 0.0014, -0.1987, 2.4381, -0.3625, -0.2032, 0.0000, -0.2637, -0.1192, 0.0000, 0.2246, -0.1562, -0.3646, -0.1017, -0.0747, -0.0112]
Center 6: [-0.1021, -0.5866, 0.3780, -0.2145, -0.3106, -0.7598, -0.2827, -0.0953, 1.4058, -0.1987, -0.1102, -0.2989, 0.0000, -0.2196, -0.1987, 1.0140, -0.4381, -0.4859, 0.0000, 0.7504, 8.3922, 0.0000, -0.7245, 1.4729, -0.5325, -0.3512, -0.0944, 0.1637]
Center 7: [-0.3741, 1.0990, 2.4720, -0.2145, 0.3791, -0.4735, 0.2003, -0.0953, -0.5653, 1.3042, -0.1102, -0.2989, 0.0000, -0.2196, -0.1987, -0.3447, 0.9067, -0.0765, 0.0000, -0.2637, -0.1192, 0.0000, 0.0369, -0.1896, 0.2879, 0.1688, -0.0939, -0.2732]
Center 8: [-0.1578, -0.5866, 0.1058, 4.0762, 2.7957, 0.0291, -0.2827, -0.0953, -0.5843, 0.2197, -0.1102, -0.2989, 0.0000, 2.0717, -0.1987, -0.2393, -0.3836, -0.4350, 0.0000, -0.1825, -0.1192, 0.0000, 0.1188, -0.0551, -0.1246, -0.0863, -0.0939, -0.0792]
Center 9: [0.0923, -0.0137, -0.1512, -0.2145, -0.2665, -0.2408, -0.2827, -0.0953, -0.5790, -0.1987, -0.1102, 3.3459, 0.0000, -0.0406, -0.1987, -0.2677, 0.3782, 0.0865, 0.0000, -0.2637, -0.1192, 0.0000, 0.1849, 0.0017, 0.3455, -0.0840, 0.0850, -0.1512]
---
ITERATION 10:
Center 0: [0.0570, 0.7832, -0.3780, -0.2145, -0.3106, -0.7147, 0.7969, -0.0953, -0.1015, -0.1987, 0.1394, -0.2989, 0.0000, -0.2196, -0.1987, -0.3792, 0.3457, 1.1594, 0.0000, -0.2637, -0.1192, 0.0000, -0.1215, -0.0290, 0.2064, 0.0513, -0.0940, -0.0172]
Center 1: [-0.1886, -0.2248, -0.1393, -0.2145, -0.3106, -0.4320, 0.4210, -0.0953, -0.2099, -0.1987, 0.8565, -0.1070, 0.0000, -0.2196, 5.0315, -0.1103, -0.2233, 0.9869, 0.0000, -0.2637, -0.1192, 0.0000, -0.1999, 0.1747, -0.2343, 0.0489, -0.0239, 0.0572]
Center 2: [-0.2991, 0.2863, 0.0060, -0.2145, -0.3106, -0.4962, -0.2827, -0.0953, 0.4984, -0.1987, -0.1102, -0.2989, 0.0000, -0.1438, -0.1987, 0.3584, -0.0062, -0.4455, 0.0000, 3.7927, -0.1192, 0.0000, -0.2478, 0.3274, 0.2768, 0.0180, 0.2537, 0.4315]
Center 3: [0.4643, 0.5591, -0.3780, -0.2145, -0.3106, 0.4858, -0.2827, -0.0953, -0.4996, -0.1987, -0.1102, -0.2989, 0.0000, -0.2196, -0.1987, -0.4102, 0.1061, -0.2315, 0.0000, -0.2637, 8.3922, 0.0000, -0.2136, 0.1457, 0.6005, 0.3112, -0.0941, -0.6010]
Center 4: [0.2341, -0.5131, -0.3214, -0.2145, -0.0747, 0.5335, -0.2623, 0.1595, 0.2793, -0.1568, -0.0611, -0.2989, 0.0000, -0.0537, -0.1987, -0.4102, -0.2780, -0.4791, 0.0000, -0.2637, -0.1192, 0.0000, 0.0069, 0.0119, -0.1569, -0.0139, 0.0478, 0.0519]
Center 5: [-0.3928, -0.2741, -0.1031, -0.2145, -0.2785, 0.3348, -0.2132, -0.0953, 0.1355, 0.0865, -0.0267, -0.2989, 0.0000, -0.0026, -0.1987, 2.4381, -0.3639, -0.1621, 0.0000, -0.2637, -0.1192, 0.0000, 0.2188, -0.1329, -0.3471, -0.1145, -0.0750, -0.0039]
Center 6: [-0.1021, -0.5866, 0.3780, -0.2145, -0.3106, -0.7598, -0.2827, -0.0953, 1.4058, -0.1987, -0.1102, -0.2989, 0.0000, -0.2196, -0.1987, 1.0140, -0.4381, -0.4859, 0.0000, 0.7504, 8.3922, 0.0000, -0.7245, 1.4729, -0.5325, -0.3512, -0.0944, 0.1637]
Center 7: [-0.3741, 1.0990, 2.4720, -0.2145, 0.3791, -0.4735, 0.2003, -0.0953, -0.5653, 1.3042, -0.1102, -0.2989, 0.0000, -0.2196, -0.1987, -0.3447, 0.9067, -0.0765, 0.0000, -0.2637, -0.1192, 0.0000, 0.0369, -0.1896, 0.2879, 0.1688, -0.0939, -0.2732]
Center 8: [-0.1578, -0.5866, 0.1058, 4.0762, 2.7957, 0.0291, -0.2827, -0.0953, -0.5843, 0.2197, -0.1102, -0.2989, 0.0000, 2.0717, -0.1987, -0.2393, -0.3836, -0.4350, 0.0000, -0.1825, -0.1192, 0.0000, 0.1188, -0.0551, -0.1246, -0.0863, -0.0939, -0.0792]
Center 9: [0.0923, -0.0137, -0.1512, -0.2145, -0.2665, -0.2408, -0.2827, -0.0953, -0.5790, -0.1987, -0.1102, 3.3459, 0.0000, -0.0406, -0.1987, -0.2677, 0.3782, 0.0865, 0.0000, -0.2637, -0.1192, 0.0000, 0.1849, 0.0017, 0.3455, -0.0840, 0.0850, -0.1512]
---
ITERATION 11:
Center 0: [0.0787, 0.7882, -0.3780, -0.2145, -0.3106, -0.7149, 0.7911, -0.0953, -0.0934, -0.1987, 0.1380, -0.2989, 0.0000, -0.2196, -0.1987, -0.3948, 0.3414, 1.1367, 0.0000, -0.2637, -0.1192, 0.0000, -0.1013, -0.0310, 0.1963, 0.0528, -0.0940, -0.0101]
Center 1: [-0.1886, -0.2248, -0.1393, -0.2145, -0.3106, -0.4320, 0.4210, -0.0953, -0.2099, -0.1987, 0.8565, -0.1070, 0.0000, -0.2196, 5.0315, -0.1103, -0.2233, 0.9869, 0.0000, -0.2637, -0.1192, 0.0000, -0.1999, 0.1747, -0.2343, 0.0489, -0.0239, 0.0572]
Center 2: [-0.2991, 0.2863, 0.0060, -0.2145, -0.3106, -0.4962, -0.2827, -0.0953, 0.4984, -0.1987, -0.1102, -0.2989, 0.0000, -0.1438, -0.1987, 0.3584, -0.0062, -0.4455, 0.0000, 3.7927, -0.1192, 0.0000, -0.2478, 0.3274, 0.2768, 0.0180, 0.2537, 0.4315]
Center 3: [0.4643, 0.5591, -0.3780, -0.2145, -0.3106, 0.4858, -0.2827, -0.0953, -0.4996, -0.1987, -0.1102, -0.2989, 0.0000, -0.2196, -0.1987, -0.4102, 0.1061, -0.2315, 0.0000, -0.2637, 8.3922, 0.0000, -0.2136, 0.1457, 0.6005, 0.3112, -0.0941, -0.6010]
Center 4: [0.2286, -0.5250, -0.3211, -0.2145, -0.0734, 0.5405, -0.2622, 0.1609, 0.2789, -0.1566, -0.0608, -0.2989, 0.0000, -0.0528, -0.1987, -0.4102, -0.2771, -0.4791, 0.0000, -0.2637, -0.1192, 0.0000, 0.0004, 0.0118, -0.1548, -0.0149, 0.0485, 0.0501]
Center 5: [-0.4031, -0.2563, -0.1056, -0.2145, -0.2788, 0.3249, -0.2139, -0.0953, 0.1279, 0.0840, -0.0275, -0.2989, 0.0000, -0.0046, -0.1987, 2.4381, -0.3645, -0.1421, 0.0000, -0.2637, -0.1192, 0.0000, 0.2060, -0.1275, -0.3386, -0.1132, -0.0752, -0.0085]
Center 6: [-0.1021, -0.5866, 0.3780, -0.2145, -0.3106, -0.7598, -0.2827, -0.0953, 1.4058, -0.1987, -0.1102, -0.2989, 0.0000, -0.2196, -0.1987, 1.0140, -0.4381, -0.4859, 0.0000, 0.7504, 8.3922, 0.0000, -0.7245, 1.4729, -0.5325, -0.3512, -0.0944, 0.1637]
Center 7: [-0.3741, 1.0990, 2.4720, -0.2145, 0.3791, -0.4735, 0.2003, -0.0953, -0.5653, 1.3042, -0.1102, -0.2989, 0.0000, -0.2196, -0.1987, -0.3447, 0.9067, -0.0765, 0.0000, -0.2637, -0.1192, 0.0000, 0.0369, -0.1896, 0.2879, 0.1688, -0.0939, -0.2732]
Center 8: [-0.1578, -0.5866, 0.1058, 4.0762, 2.7957, 0.0291, -0.2827, -0.0953, -0.5843, 0.2197, -0.1102, -0.2989, 0.0000, 2.0717, -0.1987, -0.2393, -0.3836, -0.4350, 0.0000, -0.1825, -0.1192, 0.0000, 0.1188, -0.0551, -0.1246, -0.0863, -0.0939, -0.0792]
Center 9: [0.0923, -0.0137, -0.1512, -0.2145, -0.2665, -0.2408, -0.2827, -0.0953, -0.5790, -0.1987, -0.1102, 3.3459, 0.0000, -0.0406, -0.1987, -0.2677, 0.3782, 0.0865, 0.0000, -0.2637, -0.1192, 0.0000, 0.1849, 0.0017, 0.3455, -0.0840, 0.0850, -0.1512]
---
ITERATION 12:
Center 0: [0.0834, 0.7932, -0.3780, -0.2145, -0.3106, -0.7152, 0.7853, -0.0953, -0.0967, -0.1987, 0.1367, -0.2989, 0.0000, -0.2196, -0.1987, -0.3948, 0.3372, 1.1280, 0.0000, -0.2637, -0.1192, 0.0000, -0.0948, -0.0185, 0.1863, 0.0446, -0.0940, -0.0128]
Center 1: [-0.1886, -0.2248, -0.1393, -0.2145, -0.3106, -0.4320, 0.4210, -0.0953, -0.2099, -0.1987, 0.8565, -0.1070, 0.0000, -0.2196, 5.0315, -0.1103, -0.2233, 0.9869, 0.0000, -0.2637, -0.1192, 0.0000, -0.1999, 0.1747, -0.2343, 0.0489, -0.0239, 0.0572]
Center 2: [-0.2991, 0.2863, 0.0060, -0.2145, -0.3106, -0.4962, -0.2827, -0.0953, 0.4984, -0.1987, -0.1102, -0.2989, 0.0000, -0.1438, -0.1987, 0.3584, -0.0062, -0.4455, 0.0000, 3.7927, -0.1192, 0.0000, -0.2478, 0.3274, 0.2768, 0.0180, 0.2537, 0.4315]
Center 3: [0.4643, 0.5591, -0.3780, -0.2145, -0.3106, 0.4858, -0.2827, -0.0953, -0.4996, -0.1987, -0.1102, -0.2989, 0.0000, -0.2196, -0.1987, -0.4102, 0.1061, -0.2315, 0.0000, -0.2637, 8.3922, 0.0000, -0.2136, 0.1457, 0.6005, 0.3112, -0.0941, -0.6010]
Center 4: [0.2266, -0.5310, -0.3209, -0.2145, -0.0728, 0.5440, -0.2621, 0.1616, 0.2816, -0.1565, -0.0607, -0.2989, 0.0000, -0.0523, -0.1987, -0.4102, -0.2767, -0.4790, 0.0000, -0.2637, -0.1192, 0.0000, -0.0026, 0.0056, -0.1508, -0.0110, 0.0489, 0.0516]
Center 5: [-0.4031, -0.2563, -0.1056, -0.2145, -0.2788, 0.3249, -0.2139, -0.0953, 0.1279, 0.0840, -0.0275, -0.2989, 0.0000, -0.0046, -0.1987, 2.4381, -0.3645, -0.1421, 0.0000, -0.2637, -0.1192, 0.0000, 0.2060, -0.1275, -0.3386, -0.1132, -0.0752, -0.0085]
Center 6: [-0.1021, -0.5866, 0.3780, -0.2145, -0.3106, -0.7598, -0.2827, -0.0953, 1.4058, -0.1987, -0.1102, -0.2989, 0.0000, -0.2196, -0.1987, 1.0140, -0.4381, -0.4859, 0.0000, 0.7504, 8.3922, 0.0000, -0.7245, 1.4729, -0.5325, -0.3512, -0.0944, 0.1637]
Center 7: [-0.3741, 1.0990, 2.4720, -0.2145, 0.3791, -0.4735, 0.2003, -0.0953, -0.5653, 1.3042, -0.1102, -0.2989, 0.0000, -0.2196, -0.1987, -0.3447, 0.9067, -0.0765, 0.0000, -0.2637, -0.1192, 0.0000, 0.0369, -0.1896, 0.2879, 0.1688, -0.0939, -0.2732]
Center 8: [-0.1578, -0.5866, 0.1058, 4.0762, 2.7957, 0.0291, -0.2827, -0.0953, -0.5843, 0.2197, -0.1102, -0.2989, 0.0000, 2.0717, -0.1987, -0.2393, -0.3836, -0.4350, 0.0000, -0.1825, -0.1192, 0.0000, 0.1188, -0.0551, -0.1246, -0.0863, -0.0939, -0.0792]
Center 9: [0.0923, -0.0137, -0.1512, -0.2145, -0.2665, -0.2408, -0.2827, -0.0953, -0.5790, -0.1987, -0.1102, 3.3459, 0.0000, -0.0406, -0.1987, -0.2677, 0.3782, 0.0865, 0.0000, -0.2637, -0.1192, 0.0000, 0.1849, 0.0017, 0.3455, -0.0840, 0.0850, -0.1512]
---
ITERATION 13:
Center 0: [0.0834, 0.7932, -0.3780, -0.2145, -0.3106, -0.7152, 0.7853, -0.0953, -0.0967, -0.1987, 0.1367, -0.2989, 0.0000, -0.2196, -0.1987, -0.3948, 0.3372, 1.1280, 0.0000, -0.2637, -0.1192, 0.0000, -0.0948, -0.0185, 0.1863, 0.0446, -0.0940, -0.0128]
Center 1: [-0.1886, -0.2248, -0.1393, -0.2145, -0.3106, -0.4320, 0.4210, -0.0953, -0.2099, -0.1987, 0.8565, -0.1070, 0.0000, -0.2196, 5.0315, -0.1103, -0.2233, 0.9869, 0.0000, -0.2637, -0.1192, 0.0000, -0.1999, 0.1747, -0.2343, 0.0489, -0.0239, 0.0572]
Center 2: [-0.2991, 0.2863, 0.0060, -0.2145, -0.3106, -0.4962, -0.2827, -0.0953, 0.4984, -0.1987, -0.1102, -0.2989, 0.0000, -0.1438, -0.1987, 0.3584, -0.0062, -0.4455, 0.0000, 3.7927, -0.1192, 0.0000, -0.2478, 0.3274, 0.2768, 0.0180, 0.2537, 0.4315]
Center 3: [0.4643, 0.5591, -0.3780, -0.2145, -0.3106, 0.4858, -0.2827, -0.0953, -0.4996, -0.1987, -0.1102, -0.2989, 0.0000, -0.2196, -0.1987, -0.4102, 0.1061, -0.2315, 0.0000, -0.2637, 8.3922, 0.0000, -0.2136, 0.1457, 0.6005, 0.3112, -0.0941, -0.6010]
Center 4: [0.2266, -0.5310, -0.3209, -0.2145, -0.0728, 0.5440, -0.2621, 0.1616, 0.2816, -0.1565, -0.0607, -0.2989, 0.0000, -0.0523, -0.1987, -0.4102, -0.2767, -0.4790, 0.0000, -0.2637, -0.1192, 0.0000, -0.0026, 0.0056, -0.1508, -0.0110, 0.0489, 0.0516]
Center 5: [-0.4031, -0.2563, -0.1056, -0.2145, -0.2788, 0.3249, -0.2139, -0.0953, 0.1279, 0.0840, -0.0275, -0.2989, 0.0000, -0.0046, -0.1987, 2.4381, -0.3645, -0.1421, 0.0000, -0.2637, -0.1192, 0.0000, 0.2060, -0.1275, -0.3386, -0.1132, -0.0752, -0.0085]
Center 6: [-0.1021, -0.5866, 0.3780, -0.2145, -0.3106, -0.7598, -0.2827, -0.0953, 1.4058, -0.1987, -0.1102, -0.2989, 0.0000, -0.2196, -0.1987, 1.0140, -0.4381, -0.4859, 0.0000, 0.7504, 8.3922, 0.0000, -0.7245, 1.4729, -0.5325, -0.3512, -0.0944, 0.1637]
Center 7: [-0.3741, 1.0990, 2.4720, -0.2145, 0.3791, -0.4735, 0.2003, -0.0953, -0.5653, 1.3042, -0.1102, -0.2989, 0.0000, -0.2196, -0.1987, -0.3447, 0.9067, -0.0765, 0.0000, -0.2637, -0.1192, 0.0000, 0.0369, -0.1896, 0.2879, 0.1688, -0.0939, -0.2732]
Center 8: [-0.1578, -0.5866, 0.1058, 4.0762, 2.7957, 0.0291, -0.2827, -0.0953, -0.5843, 0.2197, -0.1102, -0.2989, 0.0000, 2.0717, -0.1987, -0.2393, -0.3836, -0.4350, 0.0000, -0.1825, -0.1192, 0.0000, 0.1188, -0.0551, -0.1246, -0.0863, -0.0939, -0.0792]
Center 9: [0.0923, -0.0137, -0.1512, -0.2145, -0.2665, -0.2408, -0.2827, -0.0953, -0.5790, -0.1987, -0.1102, 3.3459, 0.0000, -0.0406, -0.1987, -0.2677, 0.3782, 0.0865, 0.0000, -0.2637, -0.1192, 0.0000, 0.1849, 0.0017, 0.3455, -0.0840, 0.0850, -0.1512]
---
