ITERATION 0:
Center 0: [-0.0628, -0.2415, -0.1142, -0.0011, 0.1645, -0.0678, 0.0546, -0.0810, 0.5435, -0.0330, -0.1140, -0.2237, 0.0000, -0.1692, -0.1313, -0.2258, -0.1704, -0.2270, 0.0000, 0.0565, -0.0183, 0.0000, -0.1757, 0.0820, -0.1886, 0.2113, 0.0732, 0.0964]
Center 1: [0.6699, 0.1078, -0.1848, 1.3680, 0.4117, 0.3057, -0.0945, 1.0488, -0.4655, -0.1023, 0.2435, -0.2943, 0.0000, 0.3810, -0.0004, 0.5671, -0.3651, 0.3547, 0.0000, -0.2716, -0.1429, 0.0000, 0.5339, 0.6115, 0.2229, -0.3904, -0.0304, 0.1191]
Center 2: [-0.3556, 0.1542, 0.1599, -0.0876, -0.1961, -0.0627, 0.1870, -0.0904, -0.1863, -0.1595, 0.0285, 0.0538, 0.0000, -0.0473, 0.8284, 0.9478, -0.1478, 0.2557, 0.0000, -0.2311, -0.0502, 0.0000, 0.3740, -0.4857, -0.4075, -0.3455, -0.0907, 0.0417]
Center 3: [0.1235, 0.3587, 0.1509, -0.0996, -0.1686, 0.0960, -0.2851, -0.0867, -0.6890, 0.1676, -0.1259, 0.3936, 0.0000, 0.2649, -0.2009, -0.0949, 0.4271, 0.1303, 0.0000, 0.0371, 0.0888, 0.0000, -0.0094, 0.0835, 0.4157, -0.0491, -0.0851, -0.2908]
Center 4: [0.5449, -0.4059, -0.2003, 0.0976, -0.2196, 0.0803, 0.7548, 1.0253, -0.2127, -0.1845, 1.7284, -0.2550, 0.0000, -0.0718, 0.0415, -0.3980, -0.3393, 0.4504, 0.0000, 0.0733, -0.1429, 0.0000, 0.3519, -0.2236, 0.3715, -0.5122, 0.1065, 0.6920]
---
ITERATION 1:
Center 0: [0.0010, -0.3299, -0.2475, -0.2186, -0.0616, 0.0083, 0.0327, -0.0904, 0.8282, -0.0774, -0.1259, -0.2690, 0.0000, -0.1460, -0.1943, -0.2443, -0.3186, -0.3097, 0.0000, 0.1555, -0.0287, 0.0000, -0.1054, 0.0737, -0.1121, 0.0767, 0.0286, 0.2049]
Center 1: [0.0683, -0.5710, -0.2253, 3.2487, 2.2182, 0.2595, -0.2913, 0.6348, -0.7033, 0.0341, -0.1259, -0.2943, 0.0000, 1.4876, -0.2009, 0.0024, -0.3641, -0.3874, 0.0000, -0.2057, -0.1429, 0.0000, 0.1853, 0.1585, -0.0326, -0.0946, 0.0080, 0.1239]
Center 2: [-0.4027, -0.0213, -0.0229, -0.2186, -0.2659, 0.1006, 0.1171, -0.0904, -0.1208, -0.1315, -0.1259, -0.1579, 0.0000, -0.1016, 0.8341, 1.3758, -0.3164, 0.2749, 0.0000, -0.1231, -0.1256, 0.0000, 0.1821, -0.2015, -0.4311, -0.2434, -0.0493, -0.0406]
Center 3: [0.1758, 0.5284, 0.3562, -0.2088, -0.1586, -0.0480, -0.2059, -0.0904, -0.7157, 0.1645, -0.1259, 0.4654, 0.0000, -0.0207, -0.2009, -0.3407, 0.6032, 0.1873, 0.0000, -0.0582, 0.1328, 0.0000, -0.0195, -0.0145, 0.3229, 0.0735, -0.0136, -0.2904]
Center 4: [0.0391, -0.3953, -0.2187, -0.0189, -0.2843, -0.5247, 1.5607, 1.2112, -0.4940, -0.1810, 3.3709, -0.2943, 0.0000, -0.2161, 0.5614, -0.3768, -0.2269, 0.9841, 0.0000, -0.2387, -0.1429, 0.0000, 0.1970, -0.0094, 0.1682, -0.2696, 0.0299, 0.5143]
---
ITERATION 2:
Center 0: [0.0679, -0.3507, -0.3074, -0.2186, -0.1513, 0.1269, 0.0703, -0.0904, 0.7203, -0.1352, -0.1259, -0.2695, 0.0000, -0.1186, -0.1971, -0.3648, -0.3482, -0.3131, 0.0000, 0.1210, -0.0471, 0.0000, -0.0268, 0.0666, -0.0475, -0.0121, 0.0134, 0.2189]
Center 1: [-0.1367, -0.5770, -0.0690, 4.0098, 2.9607, 0.1739, -0.2913, -0.0223, -0.6446, 0.0846, -0.1259, -0.2943, 0.0000, 1.9009, -0.2009, -0.2383, -0.3490, -0.4158, 0.0000, -0.2154, -0.1429, 0.0000, 0.0637, -0.1723, -0.0856, 0.0851, 0.0036, 0.0577]
Center 2: [-0.3343, -0.2356, -0.1794, -0.2186, -0.2646, 0.1902, -0.0182, -0.0904, 0.0026, -0.0671, -0.1259, -0.2026, 0.0000, -0.0482, 0.7618, 1.7479, -0.3487, 0.1234, 0.0000, -0.0570, -0.1264, 0.0000, 0.0553, 0.0166, -0.2932, -0.1601, -0.0282, -0.0540]
Center 3: [0.1211, 0.6560, 0.4758, -0.2089, -0.0889, -0.2094, -0.1095, -0.0904, -0.6989, 0.1949, -0.1259, 0.4809, 0.0000, -0.0916, -0.1860, -0.3858, 0.6472, 0.2953, 0.0000, -0.0638, 0.1500, 0.0000, -0.0104, -0.0748, 0.2117, 0.0962, 0.0030, -0.2727]
Center 4: [-0.1633, -0.5863, -0.2274, 0.0337, -0.2843, -0.7046, 0.9503, 2.9630, -0.5913, -0.1957, 4.2912, -0.2943, 0.0000, -0.1991, 0.7620, -0.3665, -0.2209, 0.8054, 0.0000, -0.2161, -0.1429, 0.0000, 0.0591, 0.1638, 0.0290, -0.1723, -0.0602, 0.4477]
---
ITERATION 3:
Center 0: [0.0973, -0.3774, -0.3335, -0.2186, -0.1581, 0.2236, 0.0937, -0.0904, 0.5639, -0.1431, -0.1259, -0.2662, 0.0000, -0.0976, -0.1961, -0.4160, -0.3593, -0.2756, 0.0000, 0.0549, -0.0423, 0.0000, 0.0028, 0.0463, -0.0404, -0.0403, 0.0060, 0.1270]
Center 1: [-0.1692, -0.5766, -0.0633, 4.1603, 2.9716, 0.1478, -0.2913, -0.0904, -0.6410, 0.0728, -0.1259, -0.2943, 0.0000, 1.9506, -0.2009, -0.2315, -0.3517, -0.4191, 0.0000, -0.2132, -0.1429, 0.0000, 0.0152, -0.1961, -0.0911, 0.1132, 0.0075, 0.0757]
Center 2: [-0.3005, -0.2812, -0.1930, -0.2186, -0.2707, 0.1828, -0.0836, -0.0904, 0.1151, -0.0463, -0.1259, -0.2234, 0.0000, -0.0447, 0.7025, 1.9645, -0.3620, 0.0115, 0.0000, 0.0460, -0.0958, 0.0000, -0.0134, 0.0785, -0.1861, -0.0855, -0.0290, -0.0054]
Center 3: [0.0520, 0.7662, 0.5612, -0.2069, -0.0622, -0.3590, -0.0680, -0.0904, -0.6694, 0.2159, -0.1259, 0.5282, 0.0000, -0.1202, -0.1379, -0.3894, 0.7213, 0.3816, 0.0000, -0.0502, 0.1354, 0.0000, -0.0065, -0.0874, 0.1668, 0.0949, 0.0096, -0.2010]
Center 4: [-0.0483, -0.5863, -0.1956, 0.0848, -0.2843, -0.6943, 0.4002, 3.7226, -0.5615, -0.1957, 5.1857, -0.2943, 0.0000, -0.1343, 0.9571, -0.3565, -0.1780, 0.5081, 0.0000, -0.2049, -0.1429, 0.0000, 0.1018, 0.2042, -0.0813, -0.2028, -0.0524, 0.3497]
---
ITERATION 4:
Center 0: [0.1158, -0.3801, -0.3390, -0.2186, -0.1516, 0.2539, 0.0784, -0.0904, 0.4966, -0.1125, -0.1259, -0.2437, 0.0000, -0.0736, -0.1940, -0.4160, -0.3569, -0.2587, 0.0000, 0.0395, 0.0008, 0.0000, 0.0044, 0.0487, -0.0373, -0.0427, 0.0025, 0.1144]
Center 1: [-0.1692, -0.5766, -0.0633, 4.1603, 2.9716, 0.1478, -0.2913, -0.0904, -0.6410, 0.0728, -0.1259, -0.2943, 0.0000, 1.9506, -0.2009, -0.2315, -0.3517, -0.4191, 0.0000, -0.2132, -0.1429, 0.0000, 0.0152, -0.1961, -0.0911, 0.1132, 0.0075, 0.0757]
Center 2: [-0.3074, -0.2928, -0.2034, -0.2186, -0.2704, 0.1997, -0.1041, -0.0904, 0.1313, -0.0430, -0.1259, -0.2581, 0.0000, -0.0409, 0.6145, 2.0153, -0.3671, -0.0190, 0.0000, 0.0530, -0.0947, 0.0000, -0.0044, 0.0844, -0.1859, -0.0945, -0.0293, -0.0024]
Center 3: [0.0221, 0.8329, 0.6198, -0.2063, -0.0684, -0.4405, -0.0452, -0.0904, -0.6460, 0.1886, -0.1259, 0.5531, 0.0000, -0.1573, -0.0819, -0.3872, 0.7732, 0.4085, 0.0000, -0.0369, 0.0806, 0.0000, -0.0140, -0.1001, 0.1706, 0.1091, 0.0145, -0.2019]
Center 4: [-0.0483, -0.5863, -0.1956, 0.0848, -0.2843, -0.6943, 0.4002, 3.7226, -0.5615, -0.1957, 5.1857, -0.2943, 0.0000, -0.1343, 0.9571, -0.3565, -0.1780, 0.5081, 0.0000, -0.2049, -0.1429, 0.0000, 0.1018, 0.2042, -0.0813, -0.2028, -0.0524, 0.3497]
---
ITERATION 5:
Center 0: [0.1202, -0.3719, -0.3372, -0.2186, -0.1519, 0.2708, 0.0751, -0.0904, 0.4525, -0.1095, -0.1259, -0.2007, 0.0000, -0.0647, -0.1659, -0.4160, -0.3406, -0.2488, 0.0000, 0.0263, 0.0366, 0.0000, 0.0002, 0.0467, -0.0274, -0.0381, -0.0010, 0.1074]
Center 1: [-0.1692, -0.5766, -0.0633, 4.1603, 2.9716, 0.1478, -0.2913, -0.0904, -0.6410, 0.0728, -0.1259, -0.2943, 0.0000, 1.9506, -0.2009, -0.2315, -0.3517, -0.4191, 0.0000, -0.2132, -0.1429, 0.0000, 0.0152, -0.1961, -0.0911, 0.1132, 0.0075, 0.0757]
Center 2: [-0.3207, -0.2942, -0.2046, -0.2186, -0.2700, 0.2153, -0.1299, -0.0904, 0.1119, -0.0392, -0.1259, -0.2572, 0.0000, -0.0366, 0.5175, 2.0695, -0.3776, -0.0273, 0.0000, 0.0610, -0.0935, 0.0000, -0.0033, 0.0885, -0.1972, -0.0960, -0.0286, 0.0012]
Center 3: [0.0112, 0.8931, 0.6758, -0.2056, -0.0647, -0.5175, -0.0357, -0.0904, -0.6370, 0.2004, -0.1259, 0.5305, 0.0000, -0.1784, -0.0574, -0.3826, 0.8191, 0.4394, 0.0000, -0.0244, 0.0261, 0.0000, -0.0091, -0.1074, 0.1712, 0.1107, 0.0200, -0.2127]
Center 4: [-0.0483, -0.5863, -0.1956, 0.0848, -0.2843, -0.6943, 0.4002, 3.7226, -0.5615, -0.1957, 5.1857, -0.2943, 0.0000, -0.1343, 0.9571, -0.3565, -0.1780, 0.5081, 0.0000, -0.2049, -0.1429, 0.0000, 0.1018, 0.2042, -0.0813, -0.2028, -0.0524, 0.3497]
---
ITERATION 6:
Center 0: [0.1249, -0.3673, -0.3353, -0.2186, -0.1553, 0.2785, 0.0737, -0.0904, 0.4251, -0.1127, -0.1259, -0.1749, 0.0000, -0.0683, -0.1156, -0.4160, -0.3245, -0.2387, 0.0000, 0.0169, 0.0677, 0.0000, -0.0038, 0.0392, -0.0165, -0.0301, -0.0036, 0.0888]
Center 1: [-0.1692, -0.5766, -0.0633, 4.1603, 2.9716, 0.1478, -0.2913, -0.0904, -0.6410, 0.0728, -0.1259, -0.2943, 0.0000, 1.9506, -0.2009, -0.2315, -0.3517, -0.4191, 0.0000, -0.2132, -0.1429, 0.0000, 0.0152, -0.1961, -0.0911, 0.1132, 0.0075, 0.0757]
Center 2: [-0.3410, -0.2830, -0.1977, -0.2186, -0.2695, 0.2458, -0.1480, -0.0904, 0.0736, -0.0332, -0.1259, -0.2558, 0.0000, -0.0297, 0.3459, 2.1651, -0.3916, -0.0489, 0.0000, 0.0737, -0.0916, 0.0000, -0.0063, 0.0770, -0.2147, -0.0911, -0.0291, -0.0056]
Center 3: [0.0001, 0.9355, 0.7155, -0.2051, -0.0578, -0.5827, -0.0325, -0.0904, -0.6230, 0.2176, -0.1259, 0.5155, 0.0000, -0.1802, -0.0329, -0.3812, 0.8483, 0.4680, 0.0000, -0.0165, -0.0320, 0.0000, -0.0011, -0.0939, 0.1668, 0.0995, 0.0252, -0.1928]
Center 4: [-0.0483, -0.5863, -0.1956, 0.0848, -0.2843, -0.6943, 0.4002, 3.7226, -0.5615, -0.1957, 5.1857, -0.2943, 0.0000, -0.1343, 0.9571, -0.3565, -0.1780, 0.5081, 0.0000, -0.2049, -0.1429, 0.0000, 0.1018, 0.2042, -0.0813, -0.2028, -0.0524, 0.3497]
---
ITERATION 7:
Center 0: [0.1212, -0.3636, -0.3326, -0.2186, -0.1582, 0.2696, 0.0758, -0.0904, 0.3994, -0.1172, -0.1259, -0.1652, 0.0000, -0.0725, -0.0424, -0.4160, -0.3232, -0.2183, 0.0000, 0.0103, 0.0885, 0.0000, -0.0027, 0.0396, -0.0157, -0.0297, -0.0059, 0.0802]
Center 1: [-0.1692, -0.5766, -0.0633, 4.1603, 2.9716, 0.1478, -0.2913, -0.0904, -0.6410, 0.0728, -0.1259, -0.2943, 0.0000, 1.9506, -0.2009, -0.2315, -0.3517, -0.4191, 0.0000, -0.2132, -0.1429, 0.0000, 0.0152, -0.1961, -0.0911, 0.1132, 0.0075, 0.0757]
Center 2: [-0.3331, -0.2634, -0.1837, -0.2186, -0.2710, 0.2801, -0.1764, -0.0904, 0.0978, -0.0210, -0.1259, -0.2529, 0.0000, -0.0158, -0.0013, 2.3586, -0.3942, -0.1457, 0.0000, 0.0996, -0.0878, 0.0000, -0.0025, 0.0595, -0.2300, -0.0925, -0.0239, -0.0012]
Center 3: [-0.0166, 0.9392, 0.7226, -0.2049, -0.0548, -0.5968, -0.0318, -0.0904, -0.6163, 0.2269, -0.1259, 0.5025, 0.0000, -0.1797, 0.0303, -0.3807, 0.8603, 0.4971, 0.0000, -0.0159, -0.0791, 0.0000, -0.0050, -0.0860, 0.1681, 0.0988, 0.0260, -0.1869]
Center 4: [-0.0483, -0.5863, -0.1956, 0.0848, -0.2843, -0.6943, 0.4002, 3.7226, -0.5615, -0.1957, 5.1857, -0.2943, 0.0000, -0.1343, 0.9571, -0.3565, -0.1780, 0.5081, 0.0000, -0.2049, -0.1429, 0.0000, 0.1018, 0.2042, -0.0813, -0.2028, -0.0524, 0.3497]
---
ITERATION 8:
Center 0: [0.1186, -0.3627, -0.3327, -0.2186, -0.1590, 0.2603, 0.0713, -0.0904, 0.3854, -0.1181, -0.1259, -0.1524, 0.0000, -0.0743, -0.0171, -0.4160, -0.3230, -0.2053, 0.0000, 0.0068, 0.0954, 0.0000, -0.0020, 0.0428, -0.0198, -0.0316, -0.0043, 0.0814]
Center 1: [-0.1692, -0.5766, -0.0633, 4.1603, 2.9716, 0.1478, -0.2913, -0.0904, -0.6410, 0.0728, -0.1259, -0.2943, 0.0000, 1.9506, -0.2009, -0.2315, -0.3517, -0.4191, 0.0000, -0.2132, -0.1429, 0.0000, 0.0152, -0.1961, -0.0911, 0.1132, 0.0075, 0.0757]
Center 2: [-0.3270, -0.2582, -0.1804, -0.2186, -0.2708, 0.2927, -0.1745, -0.0904, 0.1115, -0.0182, -0.1259, -0.2522, 0.0000, -0.0125, -0.0829, 2.4041, -0.3936, -0.1827, 0.0000, 0.1057, -0.0869, 0.0000, -0.0012, 0.0484, -0.2168, -0.0883, -0.0227, -0.0074]
Center 3: [-0.0207, 0.9547, 0.7375, -0.2047, -0.0529, -0.5982, -0.0280, -0.0904, -0.6145, 0.2330, -0.1259, 0.4873, 0.0000, -0.1792, 0.0262, -0.3802, 0.8760, 0.5027, 0.0000, -0.0122, -0.0963, 0.0000, -0.0071, -0.0881, 0.1697, 0.1017, 0.0227, -0.1906]
Center 4: [-0.0483, -0.5863, -0.1956, 0.0848, -0.2843, -0.6943, 0.4002, 3.7226, -0.5615, -0.1957, 5.1857, -0.2943, 0.0000, -0.1343, 0.9571, -0.3565, -0.1780, 0.5081, 0.0000, -0.2049, -0.1429, 0.0000, 0.1018, 0.2042, -0.0813, -0.2028, -0.0524, 0.3497]
---
ITERATION 9:
Center 0: [0.1172, -0.3650, -0.3333, -0.2186, -0.1598, 0.2481, 0.0668, -0.0904, 0.3716, -0.1191, -0.1259, -0.1250, 0.0000, -0.0760, -0.0014, -0.4160, -0.3248, -0.1962, 0.0000, 0.0041, 0.0925, 0.0000, -0.0025, 0.0462, -0.0138, -0.0334, -0.0054, 0.0837]
Center 1: [-0.1692, -0.5766, -0.0633, 4.1603, 2.9716, 0.1478, -0.2913, -0.0904, -0.6410, 0.0728, -0.1259, -0.2943, 0.0000, 1.9506, -0.2009, -0.2315, -0.3517, -0.4191, 0.0000, -0.2132, -0.1429, 0.0000, 0.0152, -0.1961, -0.0911, 0.1132, 0.0075, 0.0757]
Center 2: [-0.3270, -0.2582, -0.1804, -0.2186, -0.2708, 0.2927, -0.1745, -0.0904, 0.1115, -0.0182, -0.1259, -0.2522, 0.0000, -0.0125, -0.0829, 2.4041, -0.3936, -0.1827, 0.0000, 0.1057, -0.0869, 0.0000, -0.0012, 0.0484, -0.2168, -0.0883, -0.0227, -0.0074]
Center 3: [-0.0214, 0.9904, 0.7642, -0.2044, -0.0488, -0.5953, -0.0218, -0.0904, -0.6116, 0.2432, -0.1259, 0.4497, 0.0000, -0.1783, -0.0030, -0.3793, 0.9081, 0.5019, 0.0000, -0.0075, -0.0951, 0.0000, -0.0062, -0.0976, 0.1627, 0.1083, 0.0255, -0.2014]
Center 4: [-0.0483, -0.5863, -0.1956, 0.0848, -0.2843, -0.6943, 0.4002, 3.7226, -0.5615, -0.1957, 5.1857, -0.2943, 0.0000, -0.1343, 0.9571, -0.3565, -0.1780, 0.5081, 0.0000, -0.2049, -0.1429, 0.0000, 0.1018, 0.2042, -0.0813, -0.2028, -0.0524, 0.3497]
---
ITERATION 10:
Center 0: [0.1217, -0.3687, -0.3338, -0.2186, -0.1631, 0.2294, 0.0595, -0.0904, 0.3496, -0.1207, -0.1259, -0.0629, 0.0000, -0.0789, 0.0014, -0.4160, -0.3271, -0.1921, 0.0000, -0.0008, 0.0876, 0.0000, -0.0032, 0.0424, -0.0087, -0.0302, -0.0073, 0.0744]
Center 1: [-0.1692, -0.5766, -0.0633, 4.1603, 2.9716, 0.1478, -0.2913, -0.0904, -0.6410, 0.0728, -0.1259, -0.2943, 0.0000, 1.9506, -0.2009, -0.2315, -0.3517, -0.4191, 0.0000, -0.2132, -0.1429, 0.0000, 0.0152, -0.1961, -0.0911, 0.1132, 0.0075, 0.0757]
Center 2: [-0.3270, -0.2582, -0.1804, -0.2186, -0.2708, 0.2927, -0.1745, -0.0904, 0.1115, -0.0182, -0.1259, -0.2522, 0.0000, -0.0125, -0.0829, 2.4041, -0.3936, -0.1827, 0.0000, 0.1057, -0.0869, 0.0000, -0.0012, 0.0484, -0.2168, -0.0883, -0.0227, -0.0074]
Center 3: [-0.0365, 1.0551, 0.8115, -0.2038, -0.0374, -0.5925, -0.0104, -0.0904, -0.6079, 0.2617, -0.1259, 0.3468, 0.0000, -0.1767, -0.0087, -0.3778, 0.9647, 0.5231, 0.0000, 0.0021, -0.0931, 0.0000, -0.0050, -0.0960, 0.1597, 0.1077, 0.0308, -0.1944]
Center 4: [-0.0483, -0.5863, -0.1956, 0.0848, -0.2843, -0.6943, 0.4002, 3.7226, -0.5615, -0.1957, 5.1857, -0.2943, 0.0000, -0.1343, 0.9571, -0.3565, -0.1780, 0.5081, 0.0000, -0.2049, -0.1429, 0.0000, 0.1018, 0.2042, -0.0813, -0.2028, -0.0524, 0.3497]
---
ITERATION 11:
Center 0: [0.1216, -0.3719, -0.3347, -0.2186, -0.1619, 0.2133, 0.0529, -0.0904, 0.3288, -0.1221, -0.1259, -0.0091, 0.0000, -0.0788, -0.0005, -0.4160, -0.3270, -0.1892, 0.0000, -0.0058, 0.0833, 0.0000, -0.0077, 0.0355, -0.0021, -0.0222, -0.0032, 0.0478]
Center 1: [-0.1731, -0.5766, -0.0689, 4.1594, 2.9785, 0.1497, -0.2913, -0.0904, -0.6408, 0.0734, -0.1259, -0.2943, 0.0000, 1.9552, -0.2009, -0.2311, -0.3573, -0.4189, 0.0000, -0.2131, -0.1429, 0.0000, 0.0149, -0.1957, -0.0925, 0.1151, 0.0077, 0.0807]
Center 2: [-0.3265, -0.2596, -0.1824, -0.2186, -0.2708, 0.2934, -0.1745, -0.0904, 0.1121, -0.0180, -0.1259, -0.2522, 0.0000, -0.0123, -0.0828, 2.4041, -0.3936, -0.1843, 0.0000, 0.1060, -0.0869, 0.0000, -0.0015, 0.0481, -0.2157, -0.0874, -0.0226, -0.0064]
Center 3: [-0.0422, 1.1195, 0.8615, -0.2012, -0.0352, -0.5910, 0.0008, -0.0904, -0.6018, 0.2799, -0.1259, 0.2461, 0.0000, -0.1810, -0.0052, -0.3751, 1.0170, 0.5461, 0.0000, 0.0129, -0.0912, 0.0000, 0.0050, -0.0866, 0.1516, 0.0950, 0.0231, -0.1488]
Center 4: [-0.0483, -0.5863, -0.1956, 0.0848, -0.2843, -0.6943, 0.4002, 3.7226, -0.5615, -0.1957, 5.1857, -0.2943, 0.0000, -0.1343, 0.9571, -0.3565, -0.1780, 0.5081, 0.0000, -0.2049, -0.1429, 0.0000, 0.1018, 0.2042, -0.0813, -0.2028, -0.0524, 0.3497]
---
ITERATION 12:
Center 0: [0.1244, -0.3751, -0.3359, -0.2186, -0.1620, 0.2070, 0.0512, -0.0904, 0.3136, -0.1230, -0.1259, 0.0291, 0.0000, -0.0717, 0.0121, -0.4160, -0.3208, -0.1678, 0.0000, -0.0107, 0.0804, 0.0000, -0.0076, 0.0314, -0.0045, -0.0202, -0.0044, 0.0432]
Center 1: [-0.1731, -0.5766, -0.0689, 4.1594, 2.9785, 0.1497, -0.2913, -0.0904, -0.6408, 0.0734, -0.1259, -0.2943, 0.0000, 1.9552, -0.2009, -0.2311, -0.3573, -0.4189, 0.0000, -0.2131, -0.1429, 0.0000, 0.0149, -0.1957, -0.0925, 0.1151, 0.0077, 0.0807]
Center 2: [-0.3265, -0.2596, -0.1824, -0.2186, -0.2708, 0.2934, -0.1745, -0.0904, 0.1121, -0.0180, -0.1259, -0.2522, 0.0000, -0.0123, -0.0828, 2.4041, -0.3936, -0.1843, 0.0000, 0.1060, -0.0869, 0.0000, -0.0015, 0.0481, -0.2157, -0.0874, -0.0226, -0.0064]
Center 3: [-0.0534, 1.1699, 0.8988, -0.2007, -0.0311, -0.6000, 0.0031, -0.0904, -0.5944, 0.2937, -0.1259, 0.1671, 0.0000, -0.2000, -0.0338, -0.3740, 1.0419, 0.5190, 0.0000, 0.0245, -0.0897, 0.0000, 0.0051, -0.0806, 0.1615, 0.0937, 0.0267, -0.1441]
Center 4: [-0.0483, -0.5863, -0.1956, 0.0848, -0.2843, -0.6943, 0.4002, 3.7226, -0.5615, -0.1957, 5.1857, -0.2943, 0.0000, -0.1343, 0.9571, -0.3565, -0.1780, 0.5081, 0.0000, -0.2049, -0.1429, 0.0000, 0.1018, 0.2042, -0.0813, -0.2028, -0.0524, 0.3497]
---
ITERATION 13:
Center 0: [0.1252, -0.3782, -0.3360, -0.2186, -0.1629, 0.1958, 0.0489, -0.0904, 0.3024, -0.1239, -0.1259, 0.0682, 0.0000, -0.0718, 0.0224, -0.4160, -0.3188, -0.1391, 0.0000, -0.0155, 0.0776, 0.0000, -0.0081, 0.0261, 0.0012, -0.0154, -0.0018, 0.0327]
Center 1: [-0.1811, -0.5765, -0.0803, 4.1576, 2.9924, 0.1536, -0.2913, -0.0904, -0.6404, 0.0746, -0.1259, -0.2943, 0.0000, 1.9644, -0.2009, -0.2303, -0.3686, -0.4187, 0.0000, -0.2128, -0.1429, 0.0000, 0.0122, -0.1954, -0.0953, 0.1136, 0.0082, 0.0889]
Center 2: [-0.3265, -0.2596, -0.1824, -0.2186, -0.2708, 0.2934, -0.1745, -0.0904, 0.1121, -0.0180, -0.1259, -0.2522, 0.0000, -0.0123, -0.0828, 2.4041, -0.3936, -0.1843, 0.0000, 0.1060, -0.0869, 0.0000, -0.0015, 0.0481, -0.2157, -0.0874, -0.0226, -0.0064]
Center 3: [-0.0591, 1.2225, 0.9378, -0.1961, -0.0253, -0.5981, 0.0070, -0.0904, -0.5955, 0.3081, -0.1259, 0.0784, 0.0000, -0.2037, -0.0598, -0.3727, 1.0794, 0.4711, 0.0000, 0.0365, -0.0881, 0.0000, 0.0072, -0.0717, 0.1533, 0.0863, 0.0213, -0.1264]
Center 4: [-0.0483, -0.5863, -0.1956, 0.0848, -0.2843, -0.6943, 0.4002, 3.7226, -0.5615, -0.1957, 5.1857, -0.2943, 0.0000, -0.1343, 0.9571, -0.3565, -0.1780, 0.5081, 0.0000, -0.2049, -0.1429, 0.0000, 0.1018, 0.2042, -0.0813, -0.2028, -0.0524, 0.3497]
---
ITERATION 14:
Center 0: [0.1245, -0.3781, -0.3366, -0.2186, -0.1631, 0.1946, 0.0498, -0.0904, 0.3041, -0.1240, -0.1259, 0.0684, 0.0000, -0.0720, 0.0278, -0.4160, -0.3155, -0.1358, 0.0000, -0.0165, 0.0773, 0.0000, -0.0080, 0.0263, 0.0015, -0.0157, -0.0019, 0.0334]
Center 1: [-0.1851, -0.5765, -0.0860, 4.1568, 2.9993, 0.1555, -0.2913, -0.0904, -0.6402, 0.0751, -0.1259, -0.2943, 0.0000, 1.9691, -0.2009, -0.2300, -0.3743, -0.4186, 0.0000, -0.2127, -0.1429, 0.0000, 0.0124, -0.1949, -0.0968, 0.1155, 0.0084, 0.0920]
Center 2: [-0.3276, -0.2593, -0.1843, -0.2186, -0.2708, 0.2942, -0.1744, -0.0904, 0.1127, -0.0179, -0.1259, -0.2521, 0.0000, -0.0122, -0.0827, 2.4041, -0.3955, -0.1841, 0.0000, 0.1063, -0.0868, 0.0000, -0.0019, 0.0485, -0.2146, -0.0879, -0.0226, -0.0067]
Center 3: [-0.0567, 1.2254, 0.9444, -0.1940, -0.0248, -0.5978, 0.0044, -0.0904, -0.6024, 0.3091, -0.1259, 0.0776, 0.0000, -0.2037, -0.0727, -0.3714, 1.0768, 0.4642, 0.0000, 0.0389, -0.0880, 0.0000, 0.0074, -0.0729, 0.1524, 0.0871, 0.0216, -0.1290]
Center 4: [-0.0483, -0.5863, -0.1956, 0.0848, -0.2843, -0.6943, 0.4002, 3.7226, -0.5615, -0.1957, 5.1857, -0.2943, 0.0000, -0.1343, 0.9571, -0.3565, -0.1780, 0.5081, 0.0000, -0.2049, -0.1429, 0.0000, 0.1018, 0.2042, -0.0813, -0.2028, -0.0524, 0.3497]
---
ITERATION 15:
Center 0: [0.1235, -0.3782, -0.3366, -0.2186, -0.1631, 0.1939, 0.0502, -0.0904, 0.3049, -0.1241, -0.1259, 0.0682, 0.0000, -0.0721, 0.0323, -0.4160, -0.3136, -0.1342, 0.0000, -0.0167, 0.0771, 0.0000, -0.0070, 0.0262, 0.0011, -0.0161, -0.0020, 0.0326]
Center 1: [-0.1891, -0.5765, -0.0917, 4.1559, 3.0063, 0.1574, -0.2913, -0.0904, -0.6400, 0.0757, -0.1259, -0.2943, 0.0000, 1.9737, -0.2009, -0.2296, -0.3800, -0.4185, 0.0000, -0.2126, -0.1429, 0.0000, 0.0159, -0.1945, -0.0982, 0.1174, 0.0087, 0.0933]
Center 2: [-0.3287, -0.2591, -0.1863, -0.2186, -0.2708, 0.2949, -0.1743, -0.0904, 0.1133, -0.0178, -0.1259, -0.2521, 0.0000, -0.0120, -0.0826, 2.4041, -0.3974, -0.1839, 0.0000, 0.1065, -0.0868, 0.0000, -0.0031, 0.0488, -0.2135, -0.0879, -0.0225, -0.0069]
Center 3: [-0.0533, 1.2269, 0.9481, -0.1920, -0.0245, -0.5976, 0.0031, -0.0904, -0.6058, 0.3096, -0.1259, 0.0780, 0.0000, -0.2036, -0.0837, -0.3702, 1.0757, 0.4606, 0.0000, 0.0391, -0.0879, 0.0000, 0.0050, -0.0731, 0.1530, 0.0879, 0.0217, -0.1272]
Center 4: [-0.0483, -0.5863, -0.1956, 0.0848, -0.2843, -0.6943, 0.4002, 3.7226, -0.5615, -0.1957, 5.1857, -0.2943, 0.0000, -0.1343, 0.9571, -0.3565, -0.1780, 0.5081, 0.0000, -0.2049, -0.1429, 0.0000, 0.1018, 0.2042, -0.0813, -0.2028, -0.0524, 0.3497]
---
ITERATION 16:
Center 0: [0.1233, -0.3783, -0.3367, -0.2186, -0.1632, 0.1937, 0.0501, -0.0904, 0.3051, -0.1241, -0.1259, 0.0681, 0.0000, -0.0721, 0.0331, -0.4160, -0.3131, -0.1338, 0.0000, -0.0167, 0.0771, 0.0000, -0.0069, 0.0261, 0.0012, -0.0163, -0.0020, 0.0325]
Center 1: [-0.1917, -0.5814, -0.0975, 4.1550, 3.0134, 0.1594, -0.2913, -0.0904, -0.6398, 0.0763, -0.1259, -0.2943, 0.0000, 1.9784, -0.2009, -0.2292, -0.3799, -0.4184, 0.0000, -0.2125, -0.1429, 0.0000, 0.0176, -0.1941, -0.0996, 0.1212, 0.0089, 0.0927]
Center 2: [-0.3294, -0.2619, -0.1903, -0.2186, -0.2708, 0.2964, -0.1741, -0.0904, 0.1146, -0.0175, -0.1259, -0.2521, 0.0000, -0.0118, -0.0825, 2.4041, -0.3974, -0.1835, 0.0000, 0.1071, -0.0867, 0.0000, -0.0030, 0.0488, -0.2146, -0.0895, -0.0224, -0.0081]
Center 3: [-0.0523, 1.2283, 0.9508, -0.1899, -0.0248, -0.5978, 0.0028, -0.0904, -0.6069, 0.3091, -0.1259, 0.0776, 0.0000, -0.2037, -0.0860, -0.3678, 1.0733, 0.4587, 0.0000, 0.0389, -0.0880, 0.0000, 0.0044, -0.0730, 0.1534, 0.0883, 0.0216, -0.1260]
Center 4: [-0.0483, -0.5863, -0.1956, 0.0848, -0.2843, -0.6943, 0.4002, 3.7226, -0.5615, -0.1957, 5.1857, -0.2943, 0.0000, -0.1343, 0.9571, -0.3565, -0.1780, 0.5081, 0.0000, -0.2049, -0.1429, 0.0000, 0.1018, 0.2042, -0.0813, -0.2028, -0.0524, 0.3497]
---
ITERATION 17:
Center 0: [0.1231, -0.3783, -0.3367, -0.2186, -0.1632, 0.1936, 0.0501, -0.0904, 0.3053, -0.1241, -0.1259, 0.0680, 0.0000, -0.0721, 0.0340, -0.4160, -0.3126, -0.1333, 0.0000, -0.0168, 0.0771, 0.0000, -0.0067, 0.0261, 0.0013, -0.0161, -0.0020, 0.0325]
Center 1: [-0.1958, -0.5814, -0.1032, 4.1541, 3.0204, 0.1614, -0.2913, -0.0904, -0.6396, 0.0769, -0.1259, -0.2943, 0.0000, 1.9831, -0.2009, -0.2288, -0.3857, -0.4182, 0.0000, -0.2123, -0.1429, 0.0000, 0.0180, -0.1936, -0.1011, 0.1195, 0.0091, 0.0921]
Center 2: [-0.3294, -0.2619, -0.1903, -0.2186, -0.2708, 0.2964, -0.1741, -0.0904, 0.1146, -0.0175, -0.1259, -0.2521, 0.0000, -0.0118, -0.0825, 2.4041, -0.3974, -0.1835, 0.0000, 0.1071, -0.0867, 0.0000, -0.0030, 0.0488, -0.2146, -0.0895, -0.0224, -0.0081]
Center 3: [-0.0512, 1.2283, 0.9521, -0.1879, -0.0248, -0.5978, 0.0028, -0.0904, -0.6077, 0.3091, -0.1259, 0.0776, 0.0000, -0.2037, -0.0882, -0.3678, 1.0733, 0.4576, 0.0000, 0.0389, -0.0880, 0.0000, 0.0038, -0.0730, 0.1534, 0.0883, 0.0216, -0.1260]
Center 4: [-0.0483, -0.5863, -0.1956, 0.0848, -0.2843, -0.6943, 0.4002, 3.7226, -0.5615, -0.1957, 5.1857, -0.2943, 0.0000, -0.1343, 0.9571, -0.3565, -0.1780, 0.5081, 0.0000, -0.2049, -0.1429, 0.0000, 0.1018, 0.2042, -0.0813, -0.2028, -0.0524, 0.3497]
---
ITERATION 18:
Center 0: [0.1226, -0.3780, -0.3367, -0.2186, -0.1632, 0.1936, 0.0506, -0.0904, 0.3053, -0.1241, -0.1259, 0.0686, 0.0000, -0.0722, 0.0349, -0.4160, -0.3122, -0.1325, 0.0000, -0.0169, 0.0770, 0.0000, -0.0068, 0.0258, 0.0011, -0.0161, -0.0020, 0.0328]
Center 1: [-0.1958, -0.5814, -0.1032, 4.1541, 3.0204, 0.1614, -0.2913, -0.0904, -0.6396, 0.0769, -0.1259, -0.2943, 0.0000, 1.9831, -0.2009, -0.2288, -0.3857, -0.4182, 0.0000, -0.2123, -0.1429, 0.0000, 0.0180, -0.1936, -0.1011, 0.1195, 0.0091, 0.0921]
Center 2: [-0.3294, -0.2619, -0.1903, -0.2186, -0.2708, 0.2964, -0.1741, -0.0904, 0.1146, -0.0175, -0.1259, -0.2521, 0.0000, -0.0118, -0.0825, 2.4041, -0.3974, -0.1835, 0.0000, 0.1071, -0.0867, 0.0000, -0.0030, 0.0488, -0.2146, -0.0895, -0.0224, -0.0081]
Center 3: [-0.0502, 1.2289, 0.9532, -0.1879, -0.0245, -0.5985, 0.0015, -0.0904, -0.6085, 0.3096, -0.1259, 0.0764, 0.0000, -0.2036, -0.0903, -0.3678, 1.0734, 0.4562, 0.0000, 0.0391, -0.0879, 0.0000, 0.0040, -0.0725, 0.1540, 0.0884, 0.0217, -0.1268]
Center 4: [-0.0483, -0.5863, -0.1956, 0.0848, -0.2843, -0.6943, 0.4002, 3.7226, -0.5615, -0.1957, 5.1857, -0.2943, 0.0000, -0.1343, 0.9571, -0.3565, -0.1780, 0.5081, 0.0000, -0.2049, -0.1429, 0.0000, 0.1018, 0.2042, -0.0813, -0.2028, -0.0524, 0.3497]
---
ITERATION 19:
Center 0: [0.1226, -0.3772, -0.3367, -0.2186, -0.1633, 0.1933, 0.0518, -0.0904, 0.3056, -0.1242, -0.1259, 0.0684, 0.0000, -0.0722, 0.0348, -0.4160, -0.3122, -0.1317, 0.0000, -0.0170, 0.0769, 0.0000, -0.0068, 0.0257, 0.0013, -0.0161, -0.0021, 0.0329]
Center 1: [-0.1958, -0.5814, -0.1032, 4.1541, 3.0204, 0.1614, -0.2913, -0.0904, -0.6396, 0.0769, -0.1259, -0.2943, 0.0000, 1.9831, -0.2009, -0.2288, -0.3857, -0.4182, 0.0000, -0.2123, -0.1429, 0.0000, 0.0180, -0.1936, -0.1011, 0.1195, 0.0091, 0.0921]
Center 2: [-0.3294, -0.2619, -0.1903, -0.2186, -0.2708, 0.2964, -0.1741, -0.0904, 0.1146, -0.0175, -0.1259, -0.2521, 0.0000, -0.0118, -0.0825, 2.4041, -0.3974, -0.1835, 0.0000, 0.1071, -0.0867, 0.0000, -0.0030, 0.0488, -0.2146, -0.0895, -0.0224, -0.0081]
Center 3: [-0.0503, 1.2285, 0.9543, -0.1878, -0.0243, -0.5984, -0.0014, -0.0904, -0.6102, 0.3100, -0.1259, 0.0767, 0.0000, -0.2036, -0.0902, -0.3677, 1.0747, 0.4548, 0.0000, 0.0394, -0.0879, 0.0000, 0.0042, -0.0722, 0.1537, 0.0885, 0.0218, -0.1272]
Center 4: [-0.0483, -0.5863, -0.1956, 0.0848, -0.2843, -0.6943, 0.4002, 3.7226, -0.5615, -0.1957, 5.1857, -0.2943, 0.0000, -0.1343, 0.9571, -0.3565, -0.1780, 0.5081, 0.0000, -0.2049, -0.1429, 0.0000, 0.1018, 0.2042, -0.0813, -0.2028, -0.0524, 0.3497]
---
ITERATION 20:
Center 0: [0.1226, -0.3768, -0.3372, -0.2186, -0.1640, 0.1929, 0.0525, -0.0904, 0.3060, -0.1242, -0.1259, 0.0684, 0.0000, -0.0722, 0.0348, -0.4160, -0.3122, -0.1313, 0.0000, -0.0170, 0.0769, 0.0000, -0.0068, 0.0255, 0.0013, -0.0160, -0.0021, 0.0334]
Center 1: [-0.1958, -0.5814, -0.1032, 4.1541, 3.0204, 0.1614, -0.2913, -0.0904, -0.6396, 0.0769, -0.1259, -0.2943, 0.0000, 1.9831, -0.2009, -0.2288, -0.3857, -0.4182, 0.0000, -0.2123, -0.1429, 0.0000, 0.0180, -0.1936, -0.1011, 0.1195, 0.0091, 0.0921]
Center 2: [-0.3294, -0.2619, -0.1903, -0.2186, -0.2708, 0.2964, -0.1741, -0.0904, 0.1146, -0.0175, -0.1259, -0.2521, 0.0000, -0.0118, -0.0825, 2.4041, -0.3974, -0.1835, 0.0000, 0.1071, -0.0867, 0.0000, -0.0030, 0.0488, -0.2146, -0.0895, -0.0224, -0.0081]
Center 3: [-0.0504, 1.2275, 0.9556, -0.1878, -0.0227, -0.5975, -0.0030, -0.0904, -0.6111, 0.3100, -0.1259, 0.0767, 0.0000, -0.2036, -0.0902, -0.3677, 1.0747, 0.4537, 0.0000, 0.0394, -0.0879, 0.0000, 0.0041, -0.0719, 0.1537, 0.0883, 0.0218, -0.1284]
Center 4: [-0.0483, -0.5863, -0.1956, 0.0848, -0.2843, -0.6943, 0.4002, 3.7226, -0.5615, -0.1957, 5.1857, -0.2943, 0.0000, -0.1343, 0.9571, -0.3565, -0.1780, 0.5081, 0.0000, -0.2049, -0.1429, 0.0000, 0.1018, 0.2042, -0.0813, -0.2028, -0.0524, 0.3497]
---
ITERATION 21:
Center 0: [0.1227, -0.3768, -0.3372, -0.2186, -0.1640, 0.1927, 0.0525, -0.0904, 0.3062, -0.1242, -0.1259, 0.0684, 0.0000, -0.0723, 0.0348, -0.4160, -0.3118, -0.1309, 0.0000, -0.0170, 0.0769, 0.0000, -0.0071, 0.0255, 0.0014, -0.0163, -0.0021, 0.0335]
Center 1: [-0.1958, -0.5814, -0.1032, 4.1541, 3.0204, 0.1614, -0.2913, -0.0904, -0.6396, 0.0769, -0.1259, -0.2943, 0.0000, 1.9831, -0.2009, -0.2288, -0.3857, -0.4182, 0.0000, -0.2123, -0.1429, 0.0000, 0.0180, -0.1936, -0.1011, 0.1195, 0.0091, 0.0921]
Center 2: [-0.3294, -0.2619, -0.1903, -0.2186, -0.2708, 0.2964, -0.1741, -0.0904, 0.1146, -0.0175, -0.1259, -0.2521, 0.0000, -0.0118, -0.0825, 2.4041, -0.3974, -0.1835, 0.0000, 0.1071, -0.0867, 0.0000, -0.0030, 0.0488, -0.2146, -0.0895, -0.0224, -0.0081]
Center 3: [-0.0507, 1.2283, 0.9562, -0.1878, -0.0226, -0.5974, -0.0029, -0.0904, -0.6119, 0.3102, -0.1259, 0.0769, 0.0000, -0.2036, -0.0902, -0.3677, 1.0742, 0.4530, 0.0000, 0.0395, -0.0879, 0.0000, 0.0047, -0.0718, 0.1535, 0.0890, 0.0219, -0.1286]
Center 4: [-0.0483, -0.5863, -0.1956, 0.0848, -0.2843, -0.6943, 0.4002, 3.7226, -0.5615, -0.1957, 5.1857, -0.2943, 0.0000, -0.1343, 0.9571, -0.3565, -0.1780, 0.5081, 0.0000, -0.2049, -0.1429, 0.0000, 0.1018, 0.2042, -0.0813, -0.2028, -0.0524, 0.3497]
---
ITERATION 22:
Center 0: [0.1227, -0.3768, -0.3372, -0.2186, -0.1640, 0.1927, 0.0525, -0.0904, 0.3062, -0.1242, -0.1259, 0.0684, 0.0000, -0.0723, 0.0348, -0.4160, -0.3118, -0.1309, 0.0000, -0.0170, 0.0769, 0.0000, -0.0071, 0.0255, 0.0014, -0.0163, -0.0021, 0.0335]
Center 1: [-0.1958, -0.5814, -0.1032, 4.1541, 3.0204, 0.1614, -0.2913, -0.0904, -0.6396, 0.0769, -0.1259, -0.2943, 0.0000, 1.9831, -0.2009, -0.2288, -0.3857, -0.4182, 0.0000, -0.2123, -0.1429, 0.0000, 0.0180, -0.1936, -0.1011, 0.1195, 0.0091, 0.0921]
Center 2: [-0.3294, -0.2619, -0.1903, -0.2186, -0.2708, 0.2964, -0.1741, -0.0904, 0.1146, -0.0175, -0.1259, -0.2521, 0.0000, -0.0118, -0.0825, 2.4041, -0.3974, -0.1835, 0.0000, 0.1071, -0.0867, 0.0000, -0.0030, 0.0488, -0.2146, -0.0895, -0.0224, -0.0081]
Center 3: [-0.0507, 1.2283, 0.9562, -0.1878, -0.0226, -0.5974, -0.0029, -0.0904, -0.6119, 0.3102, -0.1259, 0.0769, 0.0000, -0.2036, -0.0902, -0.3677, 1.0742, 0.4530, 0.0000, 0.0395, -0.0879, 0.0000, 0.0047, -0.0718, 0.1535, 0.0890, 0.0219, -0.1286]
Center 4: [-0.0483, -0.5863, -0.1956, 0.0848, -0.2843, -0.6943, 0.4002, 3.7226, -0.5615, -0.1957, 5.1857, -0.2943, 0.0000, -0.1343, 0.9571, -0.3565, -0.1780, 0.5081, 0.0000, -0.2049, -0.1429, 0.0000, 0.1018, 0.2042, -0.0813, -0.2028, -0.0524, 0.3497]
---
