ITERATION 0:
SSE: 232112.0768
Center 0: [0.2029, -0.2033, -0.0822, 0.2426, -0.0822, 0.5075, 0.8780, -0.0904, 0.5335, -0.1957, -0.1259, -0.0045, 0.0000, -0.2038, 1.0051, -0.3660, 0.2133, 0.1612, 0.0000, -0.2015, -0.1248, 0.0000, 0.2592, 1.1106, 0.1103, -0.0094, -0.0624, 0.6507]
Center 1: [0.4559, 0.8122, 0.4450, -0.2186, -0.2013, -0.6185, -0.1916, -0.0904, -0.0763, -0.0278, -0.1259, 0.0400, 0.0000, -0.2161, -0.2009, -0.1895, 0.8131, 0.6425, 0.0000, 0.0511, -0.0154, 0.0000, -0.2580, 0.2193, 0.1923, -0.2020, -0.0962, -0.0808]
Center 2: [-0.3457, -0.3426, -0.3140, 0.1796, -0.0494, -0.3162, -0.0215, -0.0728, 0.1707, -0.1874, 0.2458, 0.4384, 0.0000, -0.1340, 0.3230, 0.1580, -0.1626, 0.0394, 0.0000, 0.4911, -0.1429, 0.0000, -0.2096, -0.3019, 0.0957, 0.3584, 0.1225, -0.2258]
Center 3: [-0.0592, -0.1744, -0.0308, -0.0138, 0.1300, 0.4185, 0.0199, 0.0904, -0.1088, 0.1269, -0.1259, -0.2515, 0.0000, 0.1938, -0.1584, 0.0404, -0.3114, -0.3436, 0.0000, -0.2716, 0.0961, 0.0000, 0.2153, -0.0331, -0.1572, -0.0998, -0.0134, 0.0920]
Center 4: [0.8070, -0.5863, -0.3004, 0.0515, -0.1237, 0.0056, 0.6005, -0.0904, 0.6178, 0.1778, 4.3067, -0.0863, 0.0000, -0.2161, -0.2009, -0.3365, -0.2008, 0.4002, 0.0000, 0.1182, -0.1429, 0.0000, -0.2044, -0.0881, 0.4105, 0.2931, -0.0984, 0.8521]
---
ITERATION 1:
SSE: 212308.2673
Center 0: [0.0033, -0.2069, -0.2660, -0.1629, -0.2439, -0.1580, 1.3421, -0.0904, 0.6740, -0.1906, -0.1259, -0.1978, 0.0000, -0.2161, 1.1174, -0.3122, -0.2335, 0.2747, 0.0000, -0.2410, -0.1221, 0.0000, 0.0811, 0.7685, 0.1049, -0.1022, -0.0062, 0.4629]
Center 1: [0.1515, 1.2080, 0.7447, -0.1785, -0.2414, -0.6522, -0.1198, -0.0904, -0.4396, 0.0395, -0.1259, -0.0069, 0.0000, -0.2161, -0.1576, -0.2685, 0.9725, 0.6318, 0.0000, 0.0394, -0.0502, 0.0000, -0.0515, 0.0002, 0.1937, -0.0235, -0.0027, -0.1020]
Center 2: [-0.2615, -0.3530, -0.3559, -0.0786, -0.1750, -0.5175, -0.1349, -0.0700, 0.4912, -0.1691, -0.1259, 0.6158, 0.0000, -0.1630, -0.0780, 0.1491, -0.3250, -0.0406, 0.0000, 0.6017, -0.1103, 0.0000, -0.2080, -0.2592, 0.1538, 0.3094, 0.0763, -0.1478]
Center 3: [0.0531, -0.4275, -0.1678, 0.1724, 0.2971, 0.7030, -0.2182, 0.1127, -0.1533, 0.1190, -0.1259, -0.2559, 0.0000, 0.2672, -0.2009, 0.1627, -0.3224, -0.4406, 0.0000, -0.2651, 0.1206, 0.0000, 0.1120, -0.0634, -0.2101, -0.1147, -0.0350, 0.0069]
Center 4: [-0.1096, -0.5863, -0.0975, 0.2423, -0.2843, -0.7557, 0.7593, -0.0904, -0.4698, -0.1957, 7.9437, -0.2943, 0.0000, -0.2161, 1.5583, -0.3256, -0.0458, 1.0178, 0.0000, -0.2716, -0.1429, 0.0000, 0.1382, 0.2685, -0.1244, -0.1982, -0.0405, 0.3873]
---
ITERATION 2:
SSE: 206941.0942
Center 0: [-0.1151, -0.0578, -0.2523, -0.2186, -0.2843, -0.4153, 1.7219, -0.0904, 0.5802, -0.1691, -0.1259, -0.1832, 0.0000, -0.2161, 1.1272, -0.2275, -0.2906, 0.4421, 0.0000, -0.2716, -0.1369, 0.0000, 0.0550, 0.4197, 0.0298, -0.1514, 0.0092, 0.2712]
Center 1: [0.0258, 1.3408, 0.9156, -0.1769, -0.2443, -0.6026, -0.1533, -0.0904, -0.5888, 0.0809, -0.1259, -0.0527, 0.0000, -0.2050, -0.1441, -0.2083, 1.0434, 0.5955, 0.0000, -0.0112, -0.0220, 0.0000, 0.0095, -0.0663, 0.1751, 0.0406, 0.0310, -0.1059]
Center 2: [-0.0854, -0.3356, -0.3454, -0.2167, -0.2697, -0.6084, -0.2855, -0.0732, 0.7245, -0.1774, -0.1259, 0.5062, 0.0000, -0.1918, -0.1949, 0.0727, -0.3133, -0.1322, 0.0000, 0.5322, -0.1044, 0.0000, -0.0890, -0.0954, 0.0848, 0.1164, 0.0009, -0.0053]
Center 3: [0.0829, -0.4914, -0.2037, 0.3037, 0.4191, 0.9090, -0.2855, 0.1320, -0.3146, 0.1337, -0.1259, -0.2417, 0.0000, 0.3205, -0.1996, 0.1526, -0.2878, -0.4261, 0.0000, -0.2563, 0.1307, 0.0000, 0.0318, -0.0392, -0.1603, -0.0463, -0.0193, -0.0362]
Center 4: [-0.1096, -0.5863, -0.0975, 0.2423, -0.2843, -0.7557, 0.7593, -0.0904, -0.4698, -0.1957, 7.9437, -0.2943, 0.0000, -0.2161, 1.5583, -0.3256, -0.0458, 1.0178, 0.0000, -0.2716, -0.1429, 0.0000, 0.1382, 0.2685, -0.1244, -0.1982, -0.0405, 0.3873]
---
ITERATION 3:
SSE: 203924.1628
Center 0: [-0.2360, 0.1304, -0.1843, -0.2186, -0.2843, -0.3159, 2.3725, -0.0904, 0.3158, -0.1410, -0.1259, -0.1342, 0.0000, -0.2161, 1.4396, -0.1948, -0.2571, 0.5535, 0.0000, -0.2716, -0.1429, 0.0000, 0.0057, 0.0476, 0.0715, -0.0056, -0.0134, 0.1180]
Center 1: [-0.0496, 1.3960, 1.0124, -0.1740, -0.2471, -0.5898, -0.2092, -0.0904, -0.6419, 0.1080, -0.1259, -0.0593, 0.0000, -0.2042, -0.1325, -0.1620, 1.0930, 0.5918, 0.0000, -0.0258, -0.0030, 0.0000, 0.0018, -0.0974, 0.1575, 0.0851, 0.0439, -0.1000]
Center 2: [0.0153, -0.3288, -0.3358, -0.2186, -0.2710, -0.6539, -0.2913, -0.0761, 0.7893, -0.1686, -0.1259, 0.3451, 0.0000, -0.1804, -0.2009, 0.0291, -0.2983, -0.0954, 0.0000, 0.4206, -0.0628, 0.0000, -0.0170, 0.0923, 0.0048, -0.0481, -0.0027, 0.0752]
Center 3: [0.0808, -0.5016, -0.2227, 0.3270, 0.4507, 0.9902, -0.2913, 0.1413, -0.3741, 0.1276, -0.1259, -0.2106, 0.0000, 0.3300, -0.1995, 0.1293, -0.2817, -0.4332, 0.0000, -0.2577, 0.0979, 0.0000, 0.0060, -0.0478, -0.1043, 0.0034, -0.0167, -0.0554]
Center 4: [-0.1096, -0.5863, -0.0975, 0.2423, -0.2843, -0.7557, 0.7593, -0.0904, -0.4698, -0.1957, 7.9437, -0.2943, 0.0000, -0.2161, 1.5583, -0.3256, -0.0458, 1.0178, 0.0000, -0.2716, -0.1429, 0.0000, 0.1382, 0.2685, -0.1244, -0.1982, -0.0405, 0.3873]
---
ITERATION 4:
SSE: 203407.5979
Center 0: [-0.2337, 0.2082, -0.1012, -0.2186, -0.2843, -0.3154, 2.4547, -0.0904, 0.2633, -0.1427, -0.1259, -0.1394, 0.0000, -0.2161, 1.4131, -0.2018, -0.1970, 0.4949, 0.0000, -0.2716, -0.1429, 0.0000, -0.0009, -0.0092, 0.0876, 0.0327, -0.0242, 0.0658]
Center 1: [-0.0551, 1.3993, 1.0121, -0.1725, -0.2478, -0.5915, -0.2913, -0.0904, -0.6640, 0.1212, -0.1259, -0.0400, 0.0000, -0.2038, -0.1432, -0.1575, 1.1024, 0.5866, 0.0000, -0.0154, 0.0090, 0.0000, 0.0004, -0.0915, 0.1560, 0.0886, 0.0520, -0.0866]
Center 2: [0.0220, -0.3174, -0.3293, -0.2186, -0.2686, -0.6894, -0.2913, -0.0761, 0.8350, -0.1687, -0.1259, 0.2672, 0.0000, -0.1620, -0.2009, 0.0263, -0.2936, -0.0673, 0.0000, 0.3863, -0.0586, 0.0000, -0.0052, 0.1347, -0.0083, -0.0884, -0.0025, 0.0892]
Center 3: [0.0780, -0.5052, -0.2277, 0.3236, 0.4452, 1.0090, -0.2913, 0.1399, -0.4016, 0.1242, -0.1259, -0.1538, 0.0000, 0.3111, -0.1995, 0.1290, -0.2819, -0.4292, 0.0000, -0.2324, 0.0888, 0.0000, -0.0013, -0.0736, -0.0939, 0.0270, -0.0172, -0.0630]
Center 4: [-0.1096, -0.5863, -0.0975, 0.2423, -0.2843, -0.7557, 0.7593, -0.0904, -0.4698, -0.1957, 7.9437, -0.2943, 0.0000, -0.2161, 1.5583, -0.3256, -0.0458, 1.0178, 0.0000, -0.2716, -0.1429, 0.0000, 0.1382, 0.2685, -0.1244, -0.1982, -0.0405, 0.3873]
---
ITERATION 5:
SSE: 203346.7007
Center 0: [-0.2340, 0.2127, -0.0901, -0.2186, -0.2843, -0.3167, 2.4465, -0.0904, 0.2603, -0.1429, -0.1259, -0.1398, 0.0000, -0.2161, 1.4237, -0.2025, -0.2004, 0.4894, 0.0000, -0.2716, -0.1429, 0.0000, -0.0018, -0.0137, 0.0891, 0.0374, -0.0215, 0.0649]
Center 1: [-0.0576, 1.3838, 0.9977, -0.1727, -0.2480, -0.5935, -0.2913, -0.0904, -0.6697, 0.1193, -0.1259, -0.0044, 0.0000, -0.2039, -0.1514, -0.1577, 1.1153, 0.5750, 0.0000, -0.0169, 0.0117, 0.0000, 0.0007, -0.0951, 0.1574, 0.0920, 0.0496, -0.0915]
Center 2: [0.0331, -0.3234, -0.3254, -0.2186, -0.2673, -0.6826, -0.2913, -0.0761, 0.8706, -0.1686, -0.1259, 0.2389, 0.0000, -0.1634, -0.2009, 0.0201, -0.3056, -0.0656, 0.0000, 0.3511, -0.0516, 0.0000, -0.0074, 0.1548, -0.0148, -0.1057, 0.0027, 0.1028]
Center 3: [0.0706, -0.4995, -0.2305, 0.3248, 0.4457, 1.0078, -0.2913, 0.1404, -0.4250, 0.1248, -0.1259, -0.1485, 0.0000, 0.3135, -0.1995, 0.1355, -0.2824, -0.4264, 0.0000, -0.2015, 0.0816, 0.0000, 0.0006, -0.0870, -0.0904, 0.0380, -0.0213, -0.0714]
Center 4: [-0.1096, -0.5863, -0.0975, 0.2423, -0.2843, -0.7557, 0.7593, -0.0904, -0.4698, -0.1957, 7.9437, -0.2943, 0.0000, -0.2161, 1.5583, -0.3256, -0.0458, 1.0178, 0.0000, -0.2716, -0.1429, 0.0000, 0.1382, 0.2685, -0.1244, -0.1982, -0.0405, 0.3873]
---
ITERATION 6:
SSE: 203285.4382
Center 0: [-0.2349, 0.2157, -0.0878, -0.2186, -0.2843, -0.3176, 2.4411, -0.0904, 0.2584, -0.1430, -0.1259, -0.1401, 0.0000, -0.2161, 1.4308, -0.2029, -0.1981, 0.4900, 0.0000, -0.2716, -0.1429, 0.0000, -0.0044, -0.0102, 0.0877, 0.0373, -0.0136, 0.0629]
Center 1: [-0.0568, 1.3611, 0.9738, -0.1735, -0.2486, -0.5963, -0.2913, -0.0904, -0.6709, 0.1138, -0.1259, 0.0472, 0.0000, -0.2041, -0.1574, -0.1621, 1.1183, 0.5569, 0.0000, -0.0116, 0.0090, 0.0000, 0.0014, -0.0964, 0.1646, 0.0953, 0.0431, -0.0979]
Center 2: [0.0390, -0.3333, -0.3258, -0.2186, -0.2675, -0.6430, -0.2913, -0.0762, 0.9027, -0.1688, -0.1259, 0.1987, 0.0000, -0.1654, -0.2009, 0.0160, -0.3257, -0.0694, 0.0000, 0.3328, -0.0432, 0.0000, -0.0056, 0.1697, -0.0149, -0.1205, 0.0020, 0.1141]
Center 3: [0.0670, -0.4987, -0.2288, 0.3337, 0.4577, 1.0020, -0.2913, 0.1442, -0.4576, 0.1301, -0.1259, -0.1461, 0.0000, 0.3235, -0.1995, 0.1453, -0.2806, -0.4256, 0.0000, -0.1939, 0.0775, 0.0000, -0.0006, -0.1015, -0.0968, 0.0493, -0.0200, -0.0780]
Center 4: [-0.1096, -0.5863, -0.0975, 0.2423, -0.2843, -0.7557, 0.7593, -0.0904, -0.4698, -0.1957, 7.9437, -0.2943, 0.0000, -0.2161, 1.5583, -0.3256, -0.0458, 1.0178, 0.0000, -0.2716, -0.1429, 0.0000, 0.1382, 0.2685, -0.1244, -0.1982, -0.0405, 0.3873]
---
ITERATION 7:
SSE: 203178.8804
Center 0: [-0.2358, 0.2172, -0.0851, -0.2186, -0.2843, -0.3180, 2.4384, -0.0904, 0.2574, -0.1431, -0.1259, -0.1403, 0.0000, -0.2161, 1.4343, -0.2031, -0.1984, 0.4891, 0.0000, -0.2716, -0.1429, 0.0000, -0.0041, -0.0097, 0.0882, 0.0358, -0.0047, 0.0614]
Center 1: [-0.0525, 1.3400, 0.9484, -0.1743, -0.2492, -0.5990, -0.2913, -0.0904, -0.6710, 0.1087, -0.1259, 0.0954, 0.0000, -0.2043, -0.1606, -0.1663, 1.1247, 0.5423, 0.0000, -0.0082, 0.0065, 0.0000, 0.0013, -0.0901, 0.1635, 0.0932, 0.0363, -0.0961]
Center 2: [0.0477, -0.3464, -0.3226, -0.2186, -0.2679, -0.5729, -0.2913, -0.0800, 0.9355, -0.1695, -0.1259, 0.1527, 0.0000, -0.1696, -0.2009, 0.0180, -0.3477, -0.0806, 0.0000, 0.3110, -0.0389, 0.0000, -0.0037, 0.1716, -0.0145, -0.1306, -0.0004, 0.1275]
Center 3: [0.0587, -0.4966, -0.2273, 0.3511, 0.4811, 0.9913, -0.2913, 0.1547, -0.5148, 0.1404, -0.1259, -0.1414, 0.0000, 0.3433, -0.1995, 0.1519, -0.2766, -0.4241, 0.0000, -0.1892, 0.0784, 0.0000, -0.0023, -0.1130, -0.1010, 0.0634, -0.0175, -0.0948]
Center 4: [-0.1096, -0.5863, -0.0975, 0.2423, -0.2843, -0.7557, 0.7593, -0.0904, -0.4698, -0.1957, 7.9437, -0.2943, 0.0000, -0.2161, 1.5583, -0.3256, -0.0458, 1.0178, 0.0000, -0.2716, -0.1429, 0.0000, 0.1382, 0.2685, -0.1244, -0.1982, -0.0405, 0.3873]
---
ITERATION 8:
SSE: 203035.6555
Center 0: [-0.2358, 0.2172, -0.0851, -0.2186, -0.2843, -0.3180, 2.4384, -0.0904, 0.2574, -0.1431, -0.1259, -0.1403, 0.0000, -0.2161, 1.4343, -0.2031, -0.1984, 0.4891, 0.0000, -0.2716, -0.1429, 0.0000, -0.0041, -0.0097, 0.0882, 0.0358, -0.0047, 0.0614]
Center 1: [-0.0497, 1.3323, 0.9333, -0.1816, -0.2550, -0.6004, -0.2913, -0.0904, -0.6716, 0.1059, -0.1259, 0.1168, 0.0000, -0.2044, -0.1610, -0.1659, 1.1223, 0.5330, 0.0000, 0.0028, 0.0052, 0.0000, 0.0040, -0.0802, 0.1594, 0.0897, 0.0351, -0.0926]
Center 2: [0.0545, -0.3614, -0.3231, -0.2186, -0.2685, -0.4866, -0.2913, -0.0870, 0.9652, -0.1704, -0.1259, 0.1209, 0.0000, -0.1742, -0.2009, 0.0197, -0.3599, -0.0950, 0.0000, 0.2814, -0.0385, 0.0000, -0.0016, 0.1478, -0.0240, -0.1222, -0.0040, 0.1324]
Center 3: [0.0513, -0.4928, -0.2207, 0.3790, 0.5163, 0.9726, -0.2913, 0.1714, -0.5951, 0.1544, -0.1259, -0.1351, 0.0000, 0.3694, -0.1994, 0.1565, -0.2685, -0.4220, 0.0000, -0.1858, 0.0834, 0.0000, -0.0060, -0.1060, -0.0937, 0.0641, -0.0142, -0.1097]
Center 4: [-0.1096, -0.5863, -0.0975, 0.2423, -0.2843, -0.7557, 0.7593, -0.0904, -0.4698, -0.1957, 7.9437, -0.2943, 0.0000, -0.2161, 1.5583, -0.3256, -0.0458, 1.0178, 0.0000, -0.2716, -0.1429, 0.0000, 0.1382, 0.2685, -0.1244, -0.1982, -0.0405, 0.3873]
---
ITERATION 9:
SSE: 202892.7349
Center 0: [-0.2358, 0.2172, -0.0851, -0.2186, -0.2843, -0.3180, 2.4384, -0.0904, 0.2574, -0.1431, -0.1259, -0.1403, 0.0000, -0.2161, 1.4343, -0.2031, -0.1984, 0.4891, 0.0000, -0.2716, -0.1429, 0.0000, -0.0041, -0.0097, 0.0882, 0.0358, -0.0047, 0.0614]
Center 1: [-0.0432, 1.3259, 0.9248, -0.1821, -0.2554, -0.6032, -0.2913, -0.0904, -0.6714, 0.1023, -0.1259, 0.1136, 0.0000, -0.2068, -0.1615, -0.1675, 1.1091, 0.5223, 0.0000, 0.0371, 0.0034, 0.0000, 0.0056, -0.0713, 0.1577, 0.0886, 0.0391, -0.0930]
Center 2: [0.0626, -0.3782, -0.3239, -0.2186, -0.2678, -0.4198, -0.2913, -0.0904, 0.9935, -0.1711, -0.1259, 0.1085, 0.0000, -0.1781, -0.2009, 0.0397, -0.3642, -0.1061, 0.0000, 0.2399, -0.0351, 0.0000, -0.0024, 0.1141, -0.0407, -0.1027, -0.0100, 0.1194]
Center 3: [0.0394, -0.4888, -0.2203, 0.4006, 0.5441, 0.9580, -0.2913, 0.1843, -0.6688, 0.1670, -0.1259, -0.1293, 0.0000, 0.3950, -0.1993, 0.1429, -0.2634, -0.4202, 0.0000, -0.1791, 0.0851, 0.0000, -0.0063, -0.0838, -0.0792, 0.0494, -0.0111, -0.1029]
Center 4: [-0.1096, -0.5863, -0.0975, 0.2423, -0.2843, -0.7557, 0.7593, -0.0904, -0.4698, -0.1957, 7.9437, -0.2943, 0.0000, -0.2161, 1.5583, -0.3256, -0.0458, 1.0178, 0.0000, -0.2716, -0.1429, 0.0000, 0.1382, 0.2685, -0.1244, -0.1982, -0.0405, 0.3873]
---
ITERATION 10:
SSE: 202849.8674
Center 0: [-0.2358, 0.2186, -0.0854, -0.2186, -0.2843, -0.3185, 2.4357, -0.0904, 0.2564, -0.1431, -0.1259, -0.1404, 0.0000, -0.2161, 1.4378, -0.2033, -0.1959, 0.4907, 0.0000, -0.2716, -0.1429, 0.0000, -0.0052, -0.0092, 0.0887, 0.0341, -0.0048, 0.0600]
Center 1: [-0.0362, 1.3249, 0.9195, -0.1823, -0.2556, -0.6081, -0.2913, -0.0904, -0.6708, 0.1005, -0.1259, 0.1111, 0.0000, -0.2161, -0.1642, -0.1637, 1.0944, 0.5162, 0.0000, 0.0652, 0.0025, 0.0000, 0.0055, -0.0664, 0.1581, 0.0856, 0.0382, -0.0863]
Center 2: [0.0629, -0.3898, -0.3248, -0.2186, -0.2678, -0.4071, -0.2913, -0.0904, 1.0074, -0.1712, -0.1259, 0.1078, 0.0000, -0.1796, -0.2009, 0.0496, -0.3652, -0.1075, 0.0000, 0.2116, -0.0312, 0.0000, -0.0006, 0.0993, -0.0470, -0.0918, -0.0097, 0.1083]
Center 3: [0.0349, -0.4839, -0.2202, 0.4044, 0.5492, 0.9571, -0.2913, 0.1860, -0.6870, 0.1693, -0.1259, -0.1283, 0.0000, 0.4062, -0.1993, 0.1317, -0.2590, -0.4198, 0.0000, -0.1688, 0.0821, 0.0000, -0.0079, -0.0719, -0.0739, 0.0406, -0.0111, -0.0955]
Center 4: [-0.1096, -0.5863, -0.0975, 0.2423, -0.2843, -0.7557, 0.7593, -0.0904, -0.4698, -0.1957, 7.9437, -0.2943, 0.0000, -0.2161, 1.5583, -0.3256, -0.0458, 1.0178, 0.0000, -0.2716, -0.1429, 0.0000, 0.1382, 0.2685, -0.1244, -0.1982, -0.0405, 0.3873]
---
ITERATION 11:
SSE: 202835.3869
Center 0: [-0.2359, 0.2245, -0.0866, -0.2186, -0.2843, -0.3202, 2.4249, -0.0904, 0.2524, -0.1433, -0.1259, -0.1410, 0.0000, -0.2161, 1.4518, -0.2042, -0.1860, 0.4971, 0.0000, -0.2716, -0.1429, 0.0000, -0.0053, -0.0120, 0.0883, 0.0343, -0.0052, 0.0560]
Center 1: [-0.0376, 1.3233, 0.9210, -0.1824, -0.2557, -0.6058, -0.2913, -0.0904, -0.6741, 0.0992, -0.1259, 0.1094, 0.0000, -0.2161, -0.1741, -0.1621, 1.0801, 0.5034, 0.0000, 0.0936, 0.0019, 0.0000, 0.0069, -0.0574, 0.1609, 0.0817, 0.0376, -0.0785]
Center 2: [0.0626, -0.3950, -0.3289, -0.2186, -0.2678, -0.4092, -0.2913, -0.0904, 1.0169, -0.1711, -0.1259, 0.1095, 0.0000, -0.1808, -0.2009, 0.0516, -0.3633, -0.1036, 0.0000, 0.1907, -0.0307, 0.0000, -0.0029, 0.0911, -0.0490, -0.0872, -0.0129, 0.1022]
Center 3: [0.0368, -0.4847, -0.2203, 0.4040, 0.5486, 0.9579, -0.2913, 0.1858, -0.6870, 0.1690, -0.1259, -0.1284, 0.0000, 0.4073, -0.1993, 0.1296, -0.2591, -0.4199, 0.0000, -0.1641, 0.0820, 0.0000, -0.0064, -0.0676, -0.0742, 0.0375, -0.0073, -0.0922]
Center 4: [-0.1096, -0.5863, -0.0975, 0.2423, -0.2843, -0.7557, 0.7593, -0.0904, -0.4698, -0.1957, 7.9437, -0.2943, 0.0000, -0.2161, 1.5583, -0.3256, -0.0458, 1.0178, 0.0000, -0.2716, -0.1429, 0.0000, 0.1382, 0.2685, -0.1244, -0.1982, -0.0405, 0.3873]
---
ITERATION 12:
SSE: 202829.1595
Center 0: [-0.2360, 0.2274, -0.0872, -0.2186, -0.2843, -0.3210, 2.4195, -0.0904, 0.2505, -0.1434, -0.1259, -0.1413, 0.0000, -0.2161, 1.4588, -0.2046, -0.1810, 0.5003, 0.0000, -0.2716, -0.1429, 0.0000, -0.0060, -0.0125, 0.0893, 0.0366, -0.0054, 0.0531]
Center 1: [-0.0434, 1.3269, 0.9161, -0.1826, -0.2558, -0.5995, -0.2913, -0.0904, -0.6753, 0.0981, -0.1259, 0.1079, 0.0000, -0.2161, -0.1790, -0.1565, 1.0706, 0.4949, 0.0000, 0.1145, 0.0013, 0.0000, 0.0055, -0.0545, 0.1592, 0.0784, 0.0371, -0.0789]
Center 2: [0.0638, -0.3981, -0.3289, -0.2186, -0.2677, -0.4089, -0.2913, -0.0904, 1.0190, -0.1710, -0.1259, 0.1099, 0.0000, -0.1808, -0.2009, 0.0479, -0.3624, -0.1018, 0.0000, 0.1853, -0.0306, 0.0000, -0.0017, 0.0903, -0.0475, -0.0866, -0.0128, 0.1006]
Center 3: [0.0397, -0.4894, -0.2199, 0.4054, 0.5504, 0.9571, -0.2913, 0.1864, -0.6869, 0.1698, -0.1259, -0.1280, 0.0000, 0.4086, -0.1993, 0.1308, -0.2587, -0.4198, 0.0000, -0.1723, 0.0825, 0.0000, -0.0065, -0.0684, -0.0756, 0.0381, -0.0072, -0.0894]
Center 4: [-0.1096, -0.5863, -0.0975, 0.2423, -0.2843, -0.7557, 0.7593, -0.0904, -0.4698, -0.1957, 7.9437, -0.2943, 0.0000, -0.2161, 1.5583, -0.3256, -0.0458, 1.0178, 0.0000, -0.2716, -0.1429, 0.0000, 0.1382, 0.2685, -0.1244, -0.1982, -0.0405, 0.3873]
---
ITERATION 13:
SSE: 202827.6332
Center 0: [-0.2360, 0.2289, -0.0874, -0.2186, -0.2843, -0.3215, 2.4169, -0.0904, 0.2495, -0.1435, -0.1259, -0.1415, 0.0000, -0.2161, 1.4622, -0.2048, -0.1786, 0.5019, 0.0000, -0.2716, -0.1429, 0.0000, -0.0066, -0.0149, 0.0897, 0.0375, -0.0055, 0.0508]
Center 1: [-0.0410, 1.3269, 0.9139, -0.1827, -0.2559, -0.5961, -0.2913, -0.0904, -0.6755, 0.0973, -0.1259, 0.1068, 0.0000, -0.2161, -0.1815, -0.1532, 1.0651, 0.4922, 0.0000, 0.1245, 0.0009, 0.0000, 0.0072, -0.0511, 0.1561, 0.0764, 0.0367, -0.0759]
Center 2: [0.0643, -0.3993, -0.3297, -0.2186, -0.2677, -0.4086, -0.2913, -0.0904, 1.0205, -0.1710, -0.1259, 0.1102, 0.0000, -0.1808, -0.2009, 0.0467, -0.3623, -0.1015, 0.0000, 0.1823, -0.0305, 0.0000, -0.0022, 0.0899, -0.0461, -0.0862, -0.0127, 0.1001]
Center 3: [0.0379, -0.4921, -0.2197, 0.4061, 0.5515, 0.9567, -0.2913, 0.1867, -0.6868, 0.1703, -0.1259, -0.1278, 0.0000, 0.4094, -0.1993, 0.1306, -0.2585, -0.4205, 0.0000, -0.1758, 0.0828, 0.0000, -0.0069, -0.0693, -0.0757, 0.0385, -0.0070, -0.0900]
Center 4: [-0.1096, -0.5863, -0.0975, 0.2423, -0.2843, -0.7557, 0.7593, -0.0904, -0.4698, -0.1957, 7.9437, -0.2943, 0.0000, -0.2161, 1.5583, -0.3256, -0.0458, 1.0178, 0.0000, -0.2716, -0.1429, 0.0000, 0.1382, 0.2685, -0.1244, -0.1982, -0.0405, 0.3873]
---
ITERATION 14:
SSE: 202827.6332
Center 0: [-0.2360, 0.2289, -0.0874, -0.2186, -0.2843, -0.3215, 2.4169, -0.0904, 0.2495, -0.1435, -0.1259, -0.1415, 0.0000, -0.2161, 1.4622, -0.2048, -0.1786, 0.5019, 0.0000, -0.2716, -0.1429, 0.0000, -0.0066, -0.0149, 0.0897, 0.0375, -0.0055, 0.0508]
Center 1: [-0.0410, 1.3269, 0.9139, -0.1827, -0.2559, -0.5961, -0.2913, -0.0904, -0.6755, 0.0973, -0.1259, 0.1068, 0.0000, -0.2161, -0.1815, -0.1532, 1.0651, 0.4922, 0.0000, 0.1245, 0.0009, 0.0000, 0.0072, -0.0511, 0.1561, 0.0764, 0.0367, -0.0759]
Center 2: [0.0643, -0.3993, -0.3297, -0.2186, -0.2677, -0.4086, -0.2913, -0.0904, 1.0205, -0.1710, -0.1259, 0.1102, 0.0000, -0.1808, -0.2009, 0.0467, -0.3623, -0.1015, 0.0000, 0.1823, -0.0305, 0.0000, -0.0022, 0.0899, -0.0461, -0.0862, -0.0127, 0.1001]
Center 3: [0.0379, -0.4921, -0.2197, 0.4061, 0.5515, 0.9567, -0.2913, 0.1867, -0.6868, 0.1703, -0.1259, -0.1278, 0.0000, 0.4094, -0.1993, 0.1306, -0.2585, -0.4205, 0.0000, -0.1758, 0.0828, 0.0000, -0.0069, -0.0693, -0.0757, 0.0385, -0.0070, -0.0900]
Center 4: [-0.1096, -0.5863, -0.0975, 0.2423, -0.2843, -0.7557, 0.7593, -0.0904, -0.4698, -0.1957, 7.9437, -0.2943, 0.0000, -0.2161, 1.5583, -0.3256, -0.0458, 1.0178, 0.0000, -0.2716, -0.1429, 0.0000, 0.1382, 0.2685, -0.1244, -0.1982, -0.0405, 0.3873]
---
